$SPEC_ID:
No sample description was entered.
$SPEC_REM:
DET# 1
DETDESC# DESKTOP-3KSJ573 926
AP# Maestro Version 7.01
$DATE_MEA:
12/08/2025 10:20:18
$MEAS_TIM:
6702 6718
$DATA:
0 8191
       0
       0
       0
       0
       0
       0
       0
       0
       0
       0
       0
       0
       0
       0
       0
       0
       0
       0
       0
       0
       0
       0
       0
       0
       0
       0
       0
       0
       0
       0
       0
       0
       0
       0
       0
       0
       0
       0
       0
       0
       0
       0
       0
       0
       1
       0
       0
       0
       0
       0
       0
       4
       5
       4
      21
      46
      86
     121
     103
     145
     161
     137
     149
     128
     119
     121
     107
     123
     137
     123
     115
     112
     113
     105
     111
      92
     115
      93
     105
     105
      93
     116
     113
      99
      84
      96
      97
      97
      78
      95
      92
      83
      72
      83
      87
      95
      85
      88
      90
      79
      64
      82
      84
      70
      78
      64
      75
      93
      67
      78
      70
      71
      74
      55
      73
      55
      65
      76
      69
      59
      66
      70
      71
      53
      68
      73
      69
      61
      69
      72
      68
      57
      54
      55
      74
      80
      53
      69
      57
      60
      63
      66
      65
      70
      45
      47
      63
      41
      56
      46
      47
      39
      61
      56
      63
      49
      55
      60
      59
      50
      48
      54
      52
      45
      48
      56
      55
      44
      58
      54
      52
      58
      54
      49
      45
      52
      60
      44
      52
      48
      51
      44
      51
      46
      45
      51
      47
      37
      36
      41
      49
      46
      55
      52
      52
      36
      41
      38
      50
      55
      35
      39
      48
      37
      54
      38
      41
      51
      42
      55
      38
      32
      53
      38
      50
      37
      39
      42
      49
      44
      37
      39
      44
      47
      46
      48
      37
      46
      35
      50
      39
      47
      44
      39
      19
      42
      49
      34
      47
      35
      47
      43
      42
      36
      56
      44
      48
      36
      45
      40
      36
      29
      43
      40
      44
      42
      35
      46
      40
      31
      42
      37
      35
      42
      40
      40
      43
      52
      41
      37
      49
      40
      43
      39
      40
      38
      39
      33
      38
      39
      40
      46
      43
      34
      48
      37
      38
      45
      45
      28
      35
      40
      50
      28
      38
      34
      50
      36
      31
      51
      35
      37
      48
      33
      21
      29
      38
      38
      42
      28
      37
      48
      52
      39
      42
      41
      41
      42
      35
      45
      55
      45
      47
      45
      31
      37
      36
      36
      42
      36
      28
      43
      35
      36
      59
      48
      53
      64
      69
      73
      76
      69
      78
      95
      96
      77
      71
      78
      65
      64
      52
      52
      41
      36
      41
      49
      28
      38
      31
      29
      32
      41
      34
      31
      35
      30
      35
      44
      31
      40
      34
      27
      29
      43
      27
      35
      37
      33
      44
      35
      49
      48
      44
      48
      50
      67
      73
      87
      75
      64
      62
      55
      65
      75
      62
      54
      46
      51
      45
      37
      45
      28
      42
      35
      37
      25
      41
      34
      22
      28
      24
      27
      27
      23
      30
      22
      22
      17
      35
      29
      34
      29
      23
      28
      34
      29
      20
      32
      17
      25
      32
      35
      17
      30
      32
      24
      22
      31
      28
      28
      23
      22
      33
      37
      22
      27
      26
      29
      26
      25
      26
      28
      22
      23
      27
      36
      49
      28
      33
      33
      26
      27
      25
      25
      24
      33
      28
      24
      26
      28
      26
      30
      19
      27
      25
      32
      28
      33
      24
      27
      27
      37
      25
      37
      23
      26
      32
      37
      22
      21
      32
      28
      27
      30
      33
      18
      22
      31
      30
      26
      21
      20
      28
      40
      28
      25
      26
      36
      18
      31
      21
      32
      33
      22
      22
      27
      21
      33
      25
      24
      34
      28
      28
      30
      31
      29
      24
      29
      30
      28
      23
      21
      26
      21
      24
      27
      28
      23
      32
      29
      21
      25
      26
      26
      24
      28
      27
      36
      35
      20
      23
      18
      22
      21
      29
      31
      25
      28
      32
      27
      34
      29
      33
      32
      25
      20
      26
      36
      27
      31
      23
      29
      24
      27
      35
      25
      29
      19
      20
      33
      26
      24
      24
      29
      18
      22
      24
      19
      27
      21
      26
      33
      25
      24
      27
      21
      25
      29
      25
      25
      29
      29
      30
      23
      31
      13
      24
      36
      28
      23
      23
      32
      27
      29
      19
      41
      42
      37
      40
      34
      28
      33
      32
      38
      26
      34
      34
      35
      33
      31
      30
      35
      31
      33
      48
      42
      44
      42
      33
      45
      44
      43
      39
      40
      39
      31
      26
      30
      29
      41
      23
      21
      32
      25
      27
      36
      35
      29
      32
      27
      30
      33
      31
      28
      34
      26
      32
      29
      32
      33
      31
      22
      40
      31
      27
      33
      33
      37
      36
      25
      33
      33
      34
      28
      41
      42
      27
      31
      30
      30
      33
      31
      33
      30
      33
      28
      34
      40
      39
      45
      41
      35
      32
      35
      43
      46
      50
      52
      47
      34
      44
      48
      52
      48
      53
      50
      42
      46
      55
      55
      52
      45
      48
      45
      48
      47
      56
      45
      51
      37
      36
      42
      28
      53
      35
      29
      37
      37
      32
      37
      41
      40
      46
      39
      34
      40
      45
      46
      34
      37
      39
      31
      48
      29
      46
      37
      55
      34
      33
      24
      31
      31
      41
      27
      32
      45
      32
      33
      29
      33
      35
      33
      30
      31
      42
      23
      37
      32
      31
      39
      28
      30
      33
      27
      38
      32
      37
      33
      43
      38
      32
      47
      36
      39
      38
      44
      35
      28
      26
      42
      33
      31
      42
      35
      38
      33
      34
      25
      40
      26
      40
      26
      33
      38
      28
      40
      25
      36
      30
      42
      37
      39
      46
      31
      36
      47
      33
      34
      39
      31
      38
      23
      43
      34
      30
      34
      31
      43
      29
      35
      34
      38
      43
      43
      27
      29
      30
      31
      31
      53
      40
      24
      40
      30
      38
      33
      35
      29
      35
      35
      28
      33
      41
      32
      45
      31
      39
      34
      33
      25
      39
      31
      29
      42
      31
      34
      38
      40
      39
      45
      36
      32
      34
      35
      36
      34
      33
      32
      42
      33
      43
      46
      44
      32
      36
      40
      42
      40
      32
      33
      41
      42
      35
      37
      30
      34
      36
      30
      40
      26
      48
      34
      35
      40
      48
      42
      44
      41
      38
      41
      47
      35
      35
      40
      37
      35
      28
      39
      39
      35
      51
      30
      38
      47
      39
      39
      50
      41
      55
      47
      51
      39
      36
      42
      39
      37
      44
      39
      31
      42
      36
      52
      56
      37
      39
      43
      29
      34
      34
      55
      32
      37
      27
      31
      45
      49
      38
      34
      48
      33
      32
      50
      52
      40
      43
      39
      45
      46
      42
      44
      41
      35
      43
      58
      41
      38
      31
      41
      41
      48
      44
      54
      35
      41
      45
      46
      34
      50
      45
      50
      49
      47
      40
      41
      49
      50
      25
      48
      44
      48
      46
      60
      47
      46
      56
      51
      84
      90
     122
     187
     226
     293
     419
     591
     726
     895
     977
    1222
    1275
    1341
    1350
    1280
    1265
    1088
    1033
     850
     632
     511
     398
     299
     202
     161
     115
      69
      71
      63
      41
      33
      42
      30
      41
      22
      31
      31
      32
      33
      38
      32
      38
      34
      21
      26
      26
      34
      27
      32
      39
      30
      32
      28
      34
      35
      27
      22
      36
      36
      32
      40
      21
      22
      18
      25
      24
      29
      34
      24
      30
      35
      30
      25
      35
      27
      30
      28
      21
      33
      34
      25
      24
      30
      20
      27
      21
      20
      27
      19
      37
      31
      27
      29
      26
      30
      18
      23
      34
      24
      25
      28
      17
      38
      21
      30
      26
      34
      29
      30
      26
      36
      32
      33
      22
      27
      26
      23
      24
      22
      23
      27
      34
      22
      36
      31
      20
      27
      33
      26
      25
      23
      34
      19
      25
      20
      28
      27
      32
      25
      30
      33
      31
      24
      18
      24
      23
      28
      28
      23
      30
      27
      29
      25
      26
      38
      27
      27
      25
      32
      35
      29
      22
      35
      28
      29
      20
      29
      33
      37
      31
      20
      32
      23
      31
      25
      27
      26
      28
      18
      26
      30
      22
      31
      28
      34
      24
      25
      21
      30
      25
      24
      30
      35
      27
      33
      31
      31
      31
      26
      31
      25
      37
      27
      30
      38
      13
      30
      29
      34
      31
      24
      20
      33
      26
      25
      24
      29
      37
      36
      34
      30
      23
      32
      34
      24
      29
      28
      38
      36
      37
      31
      34
      38
      38
      34
      36
      46
      38
      34
      28
      49
      39
      41
      25
      33
      37
      34
      24
      35
      32
      39
      36
      48
      45
      36
      31
      45
      29
      36
      40
      16
      35
      30
      35
      27
      26
      33
      32
      37
      26
      25
      24
      34
      26
      31
      31
      26
      30
      38
      31
      20
      33
      28
      35
      33
      20
      35
      22
      31
      29
      40
      32
      28
      30
      30
      27
      30
      27
      32
      23
      34
      25
      36
      42
      30
      36
      31
      19
      33
      23
      20
      30
      30
      27
      33
      26
      27
      30
      29
      29
      34
      27
      25
      25
      33
      28
      20
      28
      31
      39
      34
      32
      24
      32
      24
      26
      25
      19
      33
      23
      42
      19
      25
      34
      30
      25
      41
      30
      23
      36
      28
      21
      17
      29
      25
      23
      28
      27
      24
      24
      22
      26
      27
      23
      27
      27
      28
      30
      21
      29
      40
      24
      34
      23
      23
      29
      24
      23
      31
      19
      23
      27
      24
      29
      33
      30
      23
      26
      28
      27
      27
      29
      33
      36
      31
      28
      41
      22
      32
      33
      24
      28
      23
      32
      33
      24
      27
      31
      21
      19
      19
      23
      29
      25
      28
      28
      22
      24
      33
      29
      23
      31
      22
      31
      28
      32
      32
      34
      26
      29
      28
      24
      23
      21
      23
      21
      27
      23
      32
      22
      23
      25
      30
      27
      18
      16
      23
      28
      22
      36
      22
      29
      28
      30
      20
      20
      28
      25
      20
      22
      31
      31
      19
      27
      32
      38
      22
      24
      29
      32
      27
      16
      30
      21
      23
      37
      29
      30
      21
      30
      21
      31
      23
      25
      34
      32
      32
      31
      20
      32
      28
      22
      22
      26
      28
      16
      27
      18
      35
      32
      20
      28
      29
      21
      30
      31
      28
      26
      20
      28
      20
      25
      23
      33
      18
      19
      24
      18
      35
      23
      25
      36
      24
      22
      30
      23
      33
      33
      22
      23
      31
      24
      28
      33
      33
      29
      38
      28
      22
      29
      21
      32
      29
      30
      18
      15
      27
      28
      29
      31
      20
      29
      38
      30
      22
      29
      35
      31
      29
      23
      29
      28
      29
      29
      29
      29
      37
      30
      27
      24
      30
      28
      21
      24
      26
      26
      33
      23
      24
      25
      35
      36
      35
      29
      27
      31
      28
      23
      19
      31
      26
      35
      22
      27
      27
      24
      39
      29
      23
      26
      19
      18
      29
      18
      27
      25
      23
      25
      24
      33
      27
      28
      24
      34
      18
      33
      24
      24
      28
      21
      18
      16
      24
      20
      23
      36
      30
      32
      24
      30
      23
      31
      32
      34
      31
      26
      27
      35
      29
      29
      33
      28
      25
      21
      27
      22
      17
      21
      25
      31
      23
      23
      25
      24
      33
      29
      30
      23
      16
      34
      20
      29
      25
      20
      24
      22
      18
      22
      21
      20
      31
      26
      27
      23
      20
      25
      37
      23
      29
      33
      23
      25
      33
      21
      23
      29
      26
      26
      26
      26
      31
      19
      25
      30
      23
      28
      24
      23
      26
      22
      31
      25
      26
      26
      28
      26
      29
      26
      14
      13
      24
      17
      32
      27
      24
      26
      37
      22
      22
      22
      17
      40
      32
      16
      24
      20
      22
      19
      21
      29
      22
      26
      23
      24
      17
      28
      18
      22
      23
      22
      27
      19
      19
      23
      17
      22
      27
      20
      17
      18
      24
      18
      29
      27
      28
      27
      22
      32
      26
      24
      26
      23
      26
      18
      22
      15
      28
      32
      20
      32
      20
      29
      29
      26
      17
      19
      19
      23
      26
      25
      27
      39
      20
      26
      21
      33
      20
      31
      16
      20
      23
      22
      22
      24
      28
      14
      27
      22
      26
      25
      23
      29
      23
      19
      25
      21
      17
      18
      19
      28
      25
      19
      28
      24
      22
      21
      22
      20
      21
      30
      27
      16
      24
      21
      22
      27
      21
      26
      18
      18
      27
      16
      25
      19
      28
      20
      33
      26
      19
      23
      25
      25
      18
      17
      27
      18
      19
      26
      23
      20
      18
      31
      22
      21
      28
      20
      33
      21
      21
      21
      18
      22
      16
      22
      26
      17
      23
      26
      18
      15
      20
      30
      17
      12
      17
      31
      26
      22
      14
      15
      17
      22
      19
      16
      17
      19
      25
      17
      25
      14
      22
      22
      15
      35
      29
      23
      19
      16
      23
      19
      28
      16
      22
      20
      16
      17
      16
       9
      16
      22
      18
      15
      16
      14
      24
      19
      17
      19
      17
      18
      15
      14
      21
      14
      10
      16
      10
      20
      20
      22
      14
      21
      15
      12
      15
      25
      21
      23
       8
      16
      22
      20
      19
      22
      11
       6
      28
      13
      19
      16
      20
      21
      20
      23
      20
      13
      20
      26
      13
      19
      14
      19
      15
      13
      16
      16
      16
      16
      21
      23
      16
      23
      27
      13
      15
      12
      25
      17
      21
      16
      13
      17
      19
      23
      12
       9
      25
      12
      15
      14
      26
      23
      19
      20
      27
      18
      12
      30
      13
      11
      28
      15
      18
      15
      16
      15
      21
      12
       8
      22
      16
      10
      17
      17
      17
      16
      22
      13
      13
      24
      19
      11
      13
      12
      12
      25
      15
      18
      16
      23
      23
      34
      34
      33
      51
      60
      82
      82
     108
     138
     161
     191
     187
     239
     209
     222
     232
     189
     196
     168
     142
     130
      82
      87
      73
      43
      51
      28
      25
      22
       9
      23
      19
      15
      12
      14
       9
      21
      12
      15
      17
      14
      12
      16
      11
      13
      17
      16
      17
      13
      16
      13
      20
      10
      12
      11
      16
      19
       9
      17
      19
      17
      14
      20
      10
      15
       3
      10
      15
      12
      10
      13
      15
      11
      20
      15
      16
      18
      15
      19
      14
      12
      18
      22
      12
      10
      16
      21
      20
      14
       9
      14
      22
      13
      17
      16
       9
      13
      10
      17
      10
      17
      22
      13
      11
      17
      14
      20
      11
      17
      17
      12
       5
      12
      10
      10
      16
      14
      17
      19
      13
      12
      19
      12
      10
      16
      13
      15
      15
      14
      13
      14
       9
      10
      21
      12
      13
       9
      15
      14
      21
      16
      13
      11
      16
      13
      10
       8
      15
      16
      16
      16
       5
      19
      16
      12
      13
      13
      10
      20
      17
      14
      14
      17
      15
      18
       9
      12
      11
      18
      12
      17
      13
      17
      14
      15
       8
      12
      10
      17
      16
       9
       8
      11
      11
      13
      12
      16
      11
      19
      19
      14
      19
      17
      12
      17
      13
      12
      11
      12
      10
       9
      11
      11
      15
      14
       8
      12
      13
      10
       9
       6
       8
      12
       9
      11
      10
      19
      11
      12
      10
      19
       9
      18
       9
      14
      11
       7
      13
      11
      12
      13
      14
      22
      21
      12
      15
      25
      11
      12
      10
      17
      14
      10
      10
      10
      14
       7
      13
      16
      11
       9
      11
      11
       9
      10
      15
      10
      13
      13
      20
      11
      17
      10
      10
      19
       9
      11
      13
      17
      16
      13
      12
      13
      18
      14
      24
      19
      19
      10
      13
      11
       9
      15
      19
      11
      21
       9
      13
      11
       6
      13
      10
      14
       8
      13
      13
      13
       8
      13
      12
      18
       8
      18
      11
      14
      16
      11
       7
      16
      17
      11
      13
      13
      12
      13
      14
      14
      11
      17
      17
      14
       9
      10
      10
      21
       7
      13
       8
      12
      16
       8
      15
      13
      12
      13
      12
      12
       9
      17
      11
       4
      14
      17
      12
       9
      13
      16
      11
      12
      16
      16
      12
      12
      14
      13
      13
       9
       7
      10
      11
      11
      15
      11
      12
      10
      15
       8
      14
      10
       7
      19
      10
      19
      10
       9
      14
      13
      18
       7
      12
      16
      12
      14
       3
      10
       9
       7
       9
      17
       9
       9
      14
       9
       4
      12
      14
      12
       8
       7
       7
      13
       7
       7
      15
      12
       9
      17
       6
      12
      11
      11
      17
      10
       6
      18
       8
       9
      12
       7
       9
      11
       7
       7
      13
      10
      12
      12
      13
      10
      17
      10
       8
      12
      18
      14
      18
      15
      17
      20
      16
      23
      24
      20
      24
      24
      19
      20
      21
      17
      21
      16
      17
      12
      14
      16
       9
      11
      14
      10
      13
      21
      11
      13
      12
      16
      10
      17
       7
      10
       5
      11
      14
      10
       5
      12
       7
       8
      11
       9
       6
       9
      14
       7
       7
      13
       9
      12
      11
      10
      14
       7
      10
      15
       9
      11
      14
      12
       9
      11
      11
      13
       7
      14
      14
       8
      10
      10
      15
      13
      15
       9
       7
      11
      10
      10
       9
      11
      16
       4
       5
       5
      11
       6
      16
       8
      10
      13
       9
      14
       4
       9
      10
      14
      11
       8
      14
       9
      18
      12
       5
      12
       9
       9
       9
      16
       6
      11
       6
      10
       9
      13
      11
      12
       8
      15
       7
      10
       9
       8
      13
       5
      11
      13
      13
       8
       7
       9
      15
       8
      11
       4
      17
      11
      11
      10
      13
      11
      17
      13
      14
       5
      13
      10
       5
       7
      13
       9
      13
      14
      14
       9
       4
      12
      16
      11
      12
      13
      10
       6
       8
       8
       6
       9
      16
       8
      12
      13
      13
       6
       7
      16
      14
       7
      15
      18
       5
      11
      11
       5
       7
      10
       6
      11
       9
      14
      17
      11
       8
      10
      26
       6
      12
      10
      13
      10
       8
      10
      10
      14
       5
       5
       8
      11
      14
      11
       9
      12
       6
      12
      11
      10
      11
      14
       9
      12
      11
      11
      11
       8
       8
      11
      12
       9
      12
      11
       8
       9
      12
      17
      10
      10
      15
      12
       7
      10
      20
      10
       9
      14
      10
      11
      13
      11
       3
      14
      15
      18
       9
      10
      13
      10
      10
       5
      12
       6
      10
       9
       9
       7
      11
      13
       7
      12
      13
      11
      11
       7
      14
      10
       8
       8
      13
       7
       8
       8
       8
      10
      11
      11
      13
       9
      15
       8
      10
      12
      14
      11
      12
      12
       7
      10
      18
       9
      10
      10
      13
       6
       7
       9
       7
      11
      10
      13
       7
       5
      10
       6
      14
      11
       8
      15
       6
       9
      14
       7
      22
      12
      10
      12
       9
       7
      13
       8
       9
       7
       5
      12
      15
      10
       9
      17
       8
      10
      10
      11
       9
       2
      12
       8
      11
      10
      14
      13
      12
       5
      11
       7
      13
       8
      13
       8
       9
      10
       8
      15
      11
       7
      10
       8
      11
       8
      15
      10
      12
       8
      11
       6
       7
      14
       4
       7
      15
       6
      11
       4
      11
      10
      17
       4
       6
       4
       7
       5
      13
      12
      16
       8
      11
      18
      12
      12
      17
      18
      25
      28
      37
      46
      73
      94
     110
     137
     174
     228
     265
     298
     343
     419
     429
     437
     447
     453
     424
     441
     366
     328
     282
     264
     184
     186
     133
     108
      69
      71
      33
      50
      24
      19
      11
      16
      12
       8
      13
      10
       5
       5
       3
       5
       8
      12
      10
       5
       7
      13
       7
       4
       6
      10
       5
       9
       7
       7
       6
      12
       9
       6
      11
      11
       6
      12
       4
       6
      14
       9
      14
       6
       6
       9
       9
      14
      10
       7
       8
      13
      15
      18
      15
      12
      14
      12
      14
      13
      11
      14
       6
      12
       9
      10
       6
       9
      11
      11
       8
      12
       8
       9
       8
       7
       8
       7
       8
       4
       8
      14
       8
       3
       6
       8
       9
       5
       9
       7
      10
      11
       8
       4
      10
       7
       8
      11
       5
       8
       8
      12
       4
       7
       5
      11
       8
       4
       8
       2
      13
      12
       8
       5
       9
       9
       7
       7
       8
       7
       6
       6
      11
       7
       8
       4
       4
      10
       8
       7
       3
       3
       7
       7
       6
      12
       9
       6
       9
       5
       3
       6
       9
       4
       4
      10
       9
       7
       4
      13
       6
       8
       7
      11
       5
       9
       9
      12
      12
       3
       7
      18
       7
      10
      10
       6
      12
      10
       9
       8
       6
      10
       8
       7
       8
       8
      11
      12
       7
      17
      22
      11
      29
      24
      23
      26
      24
      18
      22
      17
      18
      20
      17
      19
      16
       8
      15
       3
      10
      14
       5
       6
      11
       5
      11
       8
       7
       4
       9
       8
       5
       8
       5
       6
      11
       9
      11
       4
       5
       5
       5
       7
       5
       7
       6
      10
       5
       8
       1
      11
       7
       9
       5
       6
      15
       7
      10
       7
       7
      12
      13
       5
       8
       7
       7
       8
       9
       7
      10
      10
       7
      12
       6
       5
       4
       8
       4
       8
       5
       7
       4
      12
      12
      11
       8
       7
       7
       8
      14
       8
       8
       6
       7
       5
       6
       8
      10
       8
       8
       8
       8
       4
      11
       7
      10
       6
       9
       8
       9
       8
      11
      10
       2
       6
       5
      12
       8
       6
       6
       7
      10
       9
      10
       2
       5
       7
      15
       9
       7
       8
       4
       6
       4
       9
       5
       9
       5
       9
       9
       7
       6
       8
       5
       8
       8
       8
      11
       6
      12
       6
       7
      10
       5
       8
      12
      14
       7
       7
       8
      10
       8
      15
       6
       5
       5
      11
       8
       1
      13
       8
       7
      10
       4
       4
       4
       8
       7
       9
       8
       4
       8
      10
       7
      10
      13
       6
       4
       7
       5
       5
       3
       9
       1
       4
       8
       7
       7
       7
       9
       6
      11
       8
       7
       7
       9
       9
       4
       8
       7
      11
       6
      13
       3
       1
      11
       5
       2
      11
       6
      12
       5
       7
       7
       9
       7
      12
      12
       9
      10
      12
      10
       6
       2
       8
       4
      10
       8
       6
       7
       4
       8
       6
      10
       8
       7
       8
       6
      10
       9
       7
      11
       5
       7
       6
       6
       9
      12
       8
       6
      10
       8
      10
       3
      10
       6
       7
       7
       6
       5
      10
       9
       8
       6
       3
       5
       3
       7
       5
      10
       6
       4
       8
       8
       4
      10
       5
       9
      12
      10
      11
       7
       8
       9
       3
       7
       6
      13
       8
      16
       7
       5
       7
       6
       4
      12
       3
       7
       8
       7
       8
       9
       6
       6
       8
      11
       9
      11
      11
      10
       9
       5
       6
       8
      10
      12
       3
       7
       7
       3
       8
       5
      12
       8
       9
       7
       8
      12
       8
       4
       5
       6
      12
       5
      12
      11
       6
       5
       8
       8
       7
      11
      10
       5
       5
      10
      11
       5
      14
       9
      16
      16
      22
      22
      27
      22
      28
      40
      36
      34
      33
      40
      30
      38
      37
      31
      29
      25
      21
      17
      16
      21
      15
       8
       5
      14
      13
       4
       7
       7
      13
       4
       9
       6
      11
       7
      13
      12
       5
       7
       3
       8
       6
       8
       4
      10
      12
       9
      10
       7
       8
      13
       7
       8
       8
       7
       8
       8
       9
       8
      12
      10
       9
       6
       7
       6
       5
       6
       9
      12
       5
      10
       6
       9
      12
       7
       7
       8
       5
       2
       7
       6
       5
       1
       7
       7
       5
      13
       7
       7
       9
       7
      10
       9
       7
      10
       6
       3
      10
       9
       9
       9
       7
       8
       7
       6
       5
       3
      10
       7
      12
       7
       7
       5
       7
      11
      12
       7
       2
       4
      10
       7
       4
      15
      10
       7
       6
       7
      12
      11
       4
       9
       5
       7
      10
       5
       9
       9
      10
       9
       8
       6
       3
       4
       2
       3
       9
       6
       5
       5
       8
       7
       7
       8
       5
       9
       6
       6
       5
       9
       6
       8
       6
       6
       9
       7
       8
      11
      12
       4
       8
       6
       4
       5
       7
       6
      11
       2
       9
       2
       8
       9
       4
       6
       5
       3
       5
       6
       4
       4
       9
       7
       5
      10
       9
       3
       5
      10
       7
       5
       8
       1
       6
       5
      10
       4
       9
       8
       8
       5
      13
       7
       6
      13
       3
       5
       3
       6
      11
       9
       4
      13
       8
       4
       8
       5
       7
       6
       3
       8
       4
      12
       9
       5
      10
       2
       5
       6
       4
       9
       8
       6
       6
       8
       6
       4
       9
      10
       8
       8
       5
      11
      11
       6
      10
      11
      12
       6
       4
       6
      11
       5
       7
       6
       5
       3
      10
       7
       9
       5
      12
       9
      10
      12
      17
      14
      17
       8
      23
      35
      31
      30
      42
      27
      45
      55
      36
      36
      40
      37
      34
      38
      36
      34
      30
      21
      20
      10
      18
      12
       6
       6
       8
       8
      13
       3
      12
       4
       5
       8
       4
      11
      10
       9
       8
       6
       3
       8
       4
       7
       7
       4
      12
       6
      12
       4
       4
       6
       5
       7
       5
       6
       6
       5
       8
       5
       8
       7
       5
       3
      11
       2
       5
       6
       8
       3
       9
       8
       6
       3
       7
       6
       4
       8
       6
       7
       6
       5
      11
       3
       5
       6
      11
       5
       8
       9
       6
       5
      13
       4
       7
       8
       5
       4
       8
       7
       4
       2
       1
       9
      10
      11
       6
      10
       6
       8
       5
      12
      11
       9
       5
       9
       5
       7
       8
      10
       4
       8
       8
       6
       4
      10
       9
       5
       8
       9
       7
       5
       3
       6
       8
       6
       7
       3
       5
       4
       7
       9
      10
       5
       7
       4
       4
       7
       8
       5
       8
       8
       8
       7
       6
       7
       4
       7
      12
       6
       7
       9
       3
       5
      10
       7
       5
       9
       9
       9
       6
       6
       6
       4
       9
       7
       9
       6
       7
       5
      11
       9
       4
       7
       3
       7
       4
       7
       3
       5
       6
       5
      10
       3
       8
       6
       4
      11
      11
       6
       5
       6
       9
       7
       8
       8
       4
      10
       3
      13
       8
       8
      11
       9
       3
       8
       7
       4
       6
       7
       6
       7
       4
      10
      12
       7
       5
       6
       6
      13
       7
       5
       7
       6
       7
       3
       8
       9
       9
       4
       5
       6
      12
       5
       5
       6
       6
       8
      13
      10
       8
      10
       7
       6
       8
       6
       9
       5
       5
       9
       9
       6
       9
       9
       8
       5
       7
       9
       6
      10
       3
      13
       6
       7
       7
       6
       6
       6
       7
       9
      13
       9
       7
       6
       3
       9
       8
       6
       2
       6
       8
       4
       4
       7
       7
       9
       7
       5
       5
       9
       5
       2
       5
      10
       4
       4
       8
       2
       4
       4
       3
       5
       3
      11
       6
       5
       4
      12
       3
      14
       7
       5
       2
       5
       6
      15
       6
       6
       6
      10
       6
       7
       6
       6
       3
       9
      11
      10
       7
       5
       8
       5
       5
       9
       8
       7
       3
       5
       3
       7
       7
       7
       7
       9
       9
       6
      10
       8
      10
       3
       8
       8
       9
       9
       5
       4
      10
       1
       7
       7
       5
       5
      11
      13
      11
       6
       9
       3
       5
       9
      10
      13
      15
      12
       9
      18
      13
      19
      10
       9
       9
       9
       4
       6
       6
       8
       9
       4
       6
       8
       4
       9
       5
       6
       9
       6
       9
       6
      10
       3
       7
       8
       9
      11
      11
       6
       7
      11
       8
       3
       7
       9
       4
      11
       6
       7
      10
       7
       7
       7
      11
       6
       9
       5
       4
       2
       2
       7
       5
       8
       9
       5
       5
       2
       6
       6
       6
       9
       8
       7
       7
       4
       5
       8
       8
       2
       4
      12
       1
       9
       3
       9
       8
       6
       3
       7
       5
      10
       5
       6
       7
       7
      10
      10
       8
       7
       6
       2
       9
       4
       4
       9
       5
       5
       7
       8
       9
       7
      10
       8
       6
       7
       6
       6
       7
       8
       7
       7
       5
      12
       9
       3
      10
      11
      12
       7
       7
      17
       7
      14
       9
       9
      10
       7
      11
       6
       7
      10
       3
       4
       8
       4
       4
       6
       6
       5
       8
      10
       9
       5
       3
       8
       5
       6
       8
       8
      15
       7
       5
       5
       6
       8
       6
       9
      15
       4
       2
       9
       2
       6
       9
      10
       3
       3
       8
      10
       9
       8
      11
       6
       9
      11
       8
       5
       6
       9
       7
      11
       7
      13
      13
       7
       6
      10
      12
      14
       8
       9
       9
      18
       8
       6
      10
       6
       6
      10
      12
       6
       5
       7
       8
       5
       6
       6
       9
       4
       5
       9
       7
       3
       8
       8
       9
       5
       5
       6
       9
       6
       3
       9
       8
       7
       7
       7
      12
       4
       5
       6
       7
       6
       4
       6
       5
      14
       6
       5
       7
       9
       3
       8
       6
       2
       5
       7
       9
       5
      10
       5
       8
       5
      11
      11
      12
       9
       7
       8
       6
      10
       7
      14
       9
       3
       8
       7
       4
       5
       4
       3
       9
       5
      12
       3
      11
       6
       8
       6
       3
       5
       8
      12
       1
       7
       8
       8
       8
      11
      12
       3
       7
       8
       5
      12
       7
       4
       2
       5
       5
       5
       7
       4
       6
       5
       7
       8
       2
       9
       8
       9
       5
       8
       8
       7
       8
       6
       5
       8
       6
       8
      13
       7
       6
       4
       9
       5
       9
       7
       3
       7
       7
       8
      12
       7
       3
      14
       7
       4
      14
       8
      10
       5
       6
       4
       4
       9
       8
       9
       6
       7
       2
      12
       8
       4
       7
       3
       5
       8
       5
       8
       7
       9
       3
       9
       5
       7
       7
       4
      12
       3
       9
       7
      11
      11
       5
       6
       8
       9
       9
       4
       5
       5
       6
       5
       4
       4
       4
       7
       7
       2
       9
       2
       6
       6
       4
      12
       6
       7
       8
       5
       9
       5
       6
       7
       8
       5
       8
       7
       3
       9
       7
       2
       4
       8
       5
      10
       8
       8
       7
       4
       8
       9
       6
       4
       6
      10
       5
       7
       5
       8
       5
       5
       7
       5
       8
       6
       9
       6
       7
       8
       3
       7
      14
       3
       7
       9
       9
       8
       3
       6
       5
       5
       4
       5
       5
       9
       6
       6
       6
      15
       4
       5
       5
      10
       7
      10
      11
      13
       6
       6
       4
      12
       6
       7
      11
       5
       8
       6
       7
      11
       3
       5
       6
       3
       7
       8
       4
       3
       5
       5
       2
       6
       1
       4
       6
      10
       8
      10
       5
       9
       7
       5
      10
       7
      16
       7
       6
       6
       7
       8
       4
       6
       5
       7
       3
       3
       8
       8
       7
       7
       3
       4
       2
      11
       9
       5
       4
       9
       4
       3
       8
       8
       7
       6
      11
       6
       4
      10
       4
      12
      10
       4
       5
       6
       2
       5
       7
      10
       9
      11
       4
       3
       5
      11
       7
       7
       4
       7
       4
       6
       8
      10
       8
       4
       5
       6
       6
       8
       4
       6
       6
       7
       6
      11
       2
       7
       3
       6
       4
       7
       9
       7
       4
       5
       5
      15
       5
       6
       7
       5
       4
       7
       9
       9
       8
       5
      10
       8
       6
       5
       6
       7
       6
       7
       8
       7
      11
       9
       5
      12
       9
       1
       6
       8
       7
      12
       5
       7
       8
       9
       6
      11
       6
       6
      11
      15
      13
      13
      10
       6
      12
      10
      10
      11
      10
       9
      12
      10
      11
       6
       7
      10
       8
       8
      11
       9
       7
       4
       9
       8
       5
       7
       9
      13
       6
      11
      13
      10
       4
       4
       9
       8
       4
       5
       8
       7
       7
       7
       9
      10
       5
       5
       5
       8
       5
       9
       5
       4
      12
       3
       3
       7
       8
       5
       3
      11
       6
       9
       6
       8
       5
       5
       8
       6
       5
       9
       4
       6
       7
       4
       8
      10
       7
       7
       6
       9
       5
      12
       6
       8
       3
      12
       9
       9
       2
       8
       7
       8
       9
       5
      11
       8
       8
      15
      11
       3
       6
       5
       7
       5
       6
       5
       9
      10
       7
       7
       9
       4
      11
       8
       7
       8
       6
       8
       8
       5
       1
       4
      11
       5
       5
       9
       7
       5
       5
       8
       9
       2
       7
      10
       6
       7
       6
       5
       3
       5
       3
       3
      15
      10
       5
       7
       3
      11
       8
       3
       7
       3
      12
       7
       7
       5
       9
       8
       8
       5
      11
       6
       5
       8
       4
       5
       7
      12
       9
       9
       8
       6
      11
       4
       5
       7
       6
      13
       9
       4
       8
      10
       8
       7
      10
      11
      15
      18
      11
      15
       6
      14
      10
      17
       6
       9
      11
      10
      12
       9
       7
      10
       6
       7
       7
       6
       8
       5
       7
       5
       6
       7
      10
       3
       1
       7
      10
       7
       5
       8
       8
       6
       6
       7
       8
       6
       9
       7
       7
       8
       6
       7
       9
       8
       1
       6
      12
       8
       1
       9
       5
       4
       6
       4
       7
       6
       6
       5
       6
       4
       6
       3
       6
       4
       3
       3
       5
       7
       5
       7
       6
       4
       7
       2
       6
       8
       8
       5
       7
       8
       8
       7
       5
       4
       6
      12
       2
       3
       6
      10
       5
       2
       3
       5
      11
       6
       5
       7
       4
       9
       8
       4
      12
       8
       7
      13
       7
       3
       1
       3
      11
       9
       6
       8
       3
       2
       3
       6
       6
       5
       8
       8
       8
       6
       5
       7
       7
       2
       8
       9
       6
       9
       7
       3
       3
       4
       4
       3
       9
       6
       7
       6
       7
       1
       7
       7
       5
       2
       8
       3
       6
       3
       3
       8
       9
       6
       9
       2
       7
       6
       4
       6
       5
       5
      11
       9
       8
       5
       4
       2
       5
       9
       8
       6
       5
       7
       4
       4
       7
       3
       2
       6
      11
       6
       5
      13
       8
       9
      12
       8
       7
      13
      14
       5
      14
       4
      11
       8
       6
       4
       8
      10
      15
       7
       7
       5
       8
       8
       4
       6
      10
       2
       6
       6
       3
       6
       9
       7
       7
       3
       7
       4
      10
       8
       5
      10
       5
       3
       4
       2
       6
       9
       2
       4
       4
       2
       1
       9
       6
       6
       8
       1
       4
       1
       7
       9
       5
       5
       6
       9
       3
       4
       4
       5
       7
       3
       6
       5
       5
       3
       7
       8
       3
       8
       8
       5
       6
       4
       5
       7
       2
       7
       8
       7
       8
       3
       3
       6
       7
       6
       4
      10
       5
       3
       2
       4
       5
       7
       5
       4
       6
       6
       7
       6
      11
       3
       7
       5
       5
       9
       9
       3
       3
       5
       3
      15
       2
       6
       5
       6
       6
       3
       6
       2
       6
       7
       7
       7
       5
       2
       9
       4
       8
       5
       4
       4
       3
       1
       5
       4
       6
       8
       1
       6
       9
       6
       7
       5
       2
       4
       6
       7
       4
       8
      10
       3
       4
       1
       4
       4
       4
       5
       4
       3
       6
       1
       6
       7
       3
       6
      11
       5
       7
       9
       4
       6
       4
       3
       5
       4
       5
       4
       5
       6
       4
       3
      10
       5
       6
       7
       1
      10
       4
       4
       5
       8
       3
       5
       1
       6
       3
       8
       9
       2
       6
       7
      10
       9
       5
       4
       4
       4
       7
       8
       4
       7
       5
       3
       6
       4
       7
       5
       7
       6
       3
       2
       7
       7
       2
       5
       5
       4
       6
       8
       4
       6
       4
       8
      10
      10
       6
       7
       4
       8
       3
       6
       5
       3
       3
       4
       7
       4
       3
       3
       9
       6
       9
       6
       8
       7
       4
       5
      10
       6
       8
       3
       3
       7
       2
       8
       7
       4
       5
       6
       7
       6
       3
       3
       5
       3
       6
       5
       2
       6
       5
       5
       4
       5
       4
       9
       9
       8
       5
       5
       6
       3
       4
       5
       9
       1
       8
       7
       7
       6
      10
       3
       6
       6
       5
       6
      10
       7
       3
       8
       7
       6
       4
       4
       5
       4
       7
       7
       9
       3
       4
      10
       8
       7
       3
       2
       9
       8
       2
       8
      10
       6
       6
       5
       5
       7
       4
       4
       5
      12
       6
       5
       3
       2
       9
       5
       7
       5
       6
       4
       1
       5
       4
       5
       7
       5
       4
       3
      12
       5
       2
       4
       6
       7
       3
       5
       4
       5
       7
       8
       5
       5
       7
       7
       2
       2
       8
       3
       5
       3
       6
       4
       5
       5
       7
       5
       3
       5
       7
       7
       5
       9
       1
       5
       7
       5
       5
       5
       6
       8
       7
       9
       5
       5
       7
       5
      12
       6
       5
       2
       8
       8
       6
       8
       5
       2
      10
       5
       6
       7
       6
       7
       4
      11
       6
       7
      12
       5
       5
       1
       4
      10
       6
       7
       6
       3
       5
       8
      11
       9
       8
       4
       6
       5
       6
       7
       6
       5
      10
       2
       5
       7
       6
      12
       4
       6
       7
       4
      11
       2
       3
       2
       8
       2
       8
       4
       9
       4
       3
       7
       5
       7
       2
       2
       4
       7
       6
       5
       3
       9
       5
       8
       5
       4
       8
       5
       4
       5
       4
       6
       4
       6
       3
       5
       2
       5
       4
       5
       7
       6
       8
       9
       5
       5
       8
       4
       5
       6
       5
       3
       5
       4
       4
       3
       3
       5
       6
       7
       5
       8
       7
       5
       8
       5
       5
       6
       3
       6
       5
       7
       6
      10
       9
       4
       4
       4
       4
       4
       8
       4
       6
       7
       5
       5
      14
       7
       6
       7
       5
       8
       8
       7
       7
       7
       3
      12
       9
       4
       4
      10
       8
       4
       2
       5
       4
       1
       7
       7
       7
       5
       6
       6
      12
       7
       8
      13
       8
       9
       5
       6
       9
       6
       6
      11
      11
       4
      11
      15
       9
       6
       9
       5
       4
       7
       8
      14
       4
       8
      10
       3
       5
       6
       5
       5
       5
       6
       5
       2
       4
       5
       7
       4
       4
       5
       8
       6
       8
       6
       4
       4
       5
       4
       7
      10
       5
       8
       3
       2
       3
       7
       7
       2
       5
       9
       8
       6
       9
       4
       5
       3
       2
       6
       6
       9
       8
       7
       4
       8
       4
       6
      11
       9
       5
       7
      14
       8
      14
       7
       7
       8
      10
      13
      11
      12
      10
      10
       7
      15
       8
      13
      11
      14
      15
       5
       7
       8
       7
      10
      10
       6
      10
      11
       6
       7
       8
       6
       2
       5
       6
       1
       6
       2
       4
       8
       2
       5
       4
       4
       3
       4
       7
       8
       7
       4
       3
       4
       2
       7
       8
       4
       6
       6
       5
       4
       4
       5
       9
       7
       5
      10
       5
       5
       5
       2
       4
       1
       3
       6
       8
       6
       5
       7
       4
       6
       6
       5
       2
       7
       9
       9
      12
       3
       3
       3
       5
       5
       6
       1
       7
       7
       2
       4
       9
       7
       7
       3
      10
       2
       4
       7
       2
       5
       5
       7
       5
       3
       8
       5
       3
       7
       3
       3
       8
       4
       5
      11
       4
       4
       6
       3
       6
      11
       2
       8
       4
       6
       2
       5
       4
       6
       7
       4
      11
       9
       4
       3
       7
       5
       5
       7
       4
       8
       3
       9
       5
       6
       1
       4
       3
       8
       4
       7
       4
       3
       3
       8
       4
       7
       4
       6
       6
       4
       3
       3
       3
       4
       4
       3
       6
       6
       7
       5
       7
       8
       6
       4
       2
       5
       3
       4
       5
       3
       6
       5
       9
       4
       4
       5
       4
       5
       5
       8
       5
       3
       3
       5
       6
      11
       3
       5
       8
       7
       4
       7
       5
       7
       4
       7
       5
       6
       4
       5
       9
      11
       7
       3
      10
       5
       4
      10
       6
       5
       3
       3
       2
       7
       6
       4
       7
       1
       5
       7
       4
       6
       6
       8
       3
       2
       4
       6
       4
       8
       6
       5
       1
       7
       6
       3
       9
       5
       6
       5
       6
       8
       2
       9
       5
       7
       8
       9
       8
       6
       8
       6
       9
      10
       4
       4
      10
       7
       8
       7
      10
       6
      11
      12
       4
       3
      10
       7
       3
       2
       7
       4
       6
       7
       7
       5
       3
       7
       6
       6
      10
       4
       3
       8
       5
       7
       5
       5
       8
       1
       8
       5
       9
       4
       4
       5
       5
       9
       6
       6
       3
       4
       8
       7
       5
       8
       7
       6
       3
       4
      10
       2
       7
      10
       8
       8
       3
       8
       7
       6
       3
       8
      10
       4
       3
       7
      10
       5
       4
       5
       6
       7
       7
       8
      11
       6
       6
       8
       8
       2
       7
       3
       9
       3
       4
       9
       6
       8
       5
       4
       7
       4
       8
       2
       4
       4
       4
       2
       9
       6
       9
       5
       7
       3
       5
       5
       7
       8
       7
       6
       7
       7
       2
       8
       5
      10
       6
       4
       4
       8
       4
       7
       3
       7
       6
       6
       8
       4
       4
       4
       5
       1
       8
       5
       6
       5
       4
       4
       5
       8
       7
       4
       6
       8
       5
       1
       4
       7
       7
       6
       4
       7
       4
       6
       5
       3
       1
       4
       8
       3
       6
       7
       4
       8
       7
       7
       5
       4
       7
       2
       3
       7
       2
       5
       7
       7
       7
       8
       4
       6
       2
       5
       7
       6
       6
       7
      10
       8
       2
       3
       9
       4
       4
       7
       2
       8
       3
       6
       8
       5
       3
       6
       8
       3
       6
       2
       3
       9
       7
       7
       1
       5
      11
       9
       6
      10
      11
       4
       8
       1
       9
       5
       8
      10
       2
       5
       2
       8
       8
       4
       4
       9
       4
       5
       4
       6
       4
       7
       3
      10
       3
       6
       5
       5
       3
       6
      10
      10
       5
       2
       6
       4
       7
       5
       4
       1
      10
       4
       9
       5
       4
       3
       6
       5
       6
       1
       9
       2
       4
       6
      10
       5
       3
      10
       5
       6
      10
       5
       7
       7
      10
       5
       4
       3
       6
      10
       5
       5
       6
       6
       6
       5
       7
       5
       6
       5
       5
       7
       8
       7
       5
       3
       4
       0
       5
       3
       7
       6
       5
       5
       1
       7
       4
       6
       3
       4
       7
       6
      10
       8
       4
       5
       8
       3
       3
       4
       8
       6
       7
       6
       5
       4
       9
       4
       5
       3
       1
      10
       6
       7
       6
       2
       5
       2
       6
       5
       5
       5
       6
       4
       8
       7
       4
       5
       8
       3
       2
       4
       9
       6
       8
       4
       5
       4
       7
       6
       5
      10
       3
       8
       1
       6
       3
       2
       6
       8
       9
       3
       4
       1
       8
       3
       5
       7
       6
       6
       4
       7
      11
       5
       6
       4
       7
       6
       5
       3
       3
       5
       4
       7
       7
       8
       8
       5
       1
       3
      13
       9
       6
       8
       7
       6
       6
       5
       5
       2
       7
       7
       5
       6
       5
       7
       7
       7
       5
       6
       9
       8
       6
       5
       6
       3
       6
       4
       6
       4
       9
       7
       5
       3
       4
       3
       3
       5
       4
       5
       4
       5
       5
       4
       7
       7
       4
       6
       3
       5
       4
       6
       6
       4
      11
       5
       4
       6
       7
       9
       3
       6
       8
       8
      10
      17
       7
      14
      11
      21
      21
      36
      32
      24
      36
      47
      42
      47
      40
      55
      61
      64
      56
      68
      58
      64
      49
      66
      70
      60
      61
      62
      65
      58
      56
      45
      42
      32
      26
      26
      18
      11
      12
      15
       3
       8
      10
      11
       4
       3
       3
       4
       3
       6
       9
       5
       8
       5
       6
       6
       5
       4
       4
       3
       6
       4
       6
       7
      11
       6
       3
       7
       6
       4
       9
       4
       4
       7
       2
       4
       6
       5
       4
       5
       3
       7
       2
       8
       7
       7
       3
       4
       6
       4
       5
       2
       6
       8
       1
       3
       4
       4
       4
       8
       4
       3
       6
       7
       3
       0
       6
       4
       3
       4
       2
       9
       4
       3
       7
       6
       4
       8
       3
       9
      12
       4
       8
       7
       1
       3
       3
       3
       2
       4
       0
       4
       8
       2
       9
       4
       4
       2
       7
       5
       7
       1
       6
       3
       5
       5
       2
       4
       2
       3
       8
       8
       8
       5
       8
       4
       4
       4
      10
       4
       5
       2
       5
       3
       7
       4
       5
       3
       3
       4
      10
       5
       3
       7
      10
       4
       6
       3
       5
       8
       6
       3
       4
       8
       4
       4
       6
       2
       5
       3
       5
       1
       4
       7
       1
       3
       3
       5
       5
       6
       3
       4
       1
       2
       6
       3
       3
       3
       4
       6
       3
       3
       6
       2
       3
       4
       4
       8
       2
       9
       4
       6
       1
       9
       7
       5
       3
       3
       2
       2
       4
       8
       9
       6
       4
       5
       5
       4
       3
       7
      10
       4
       2
       2
       6
       7
       2
       6
       8
       6
       4
       8
       5
       4
       5
       4
       6
       7
       3
       8
       2
       4
       4
       3
       4
       3
       3
       7
       6
       2
      10
       5
       7
       7
       6
       3
       6
       4
       8
       6
       4
       9
       4
       6
       6
       8
       8
       7
       7
       6
       3
       3
       8
       3
       7
       6
       5
       6
       9
       6
       5
       4
       0
       5
       2
       2
       1
       0
       6
       5
       3
       6
       6
       3
       2
       3
       8
       5
       6
       4
       2
       2
       8
       3
       2
       3
       2
       3
       4
       6
       9
       2
       5
       2
       1
       6
       4
       5
       2
       4
       5
       4
       4
       2
       1
       5
       3
       3
       6
       2
       3
       5
       5
       2
       4
       5
       6
       6
       5
       6
       6
       7
       7
       9
       3
       5
       6
      11
       3
       7
       6
       2
       2
       4
       1
       4
       5
       4
       8
       5
       1
       4
       2
       7
       8
       8
       9
       1
       6
       2
       3
       1
       4
       5
       3
       5
       2
       7
       4
       6
       4
       6
       4
       2
       5
       4
      12
       5
       6
       7
       1
       7
       3
      13
       1
       3
       3
       4
       1
       5
       3
       3
       2
       2
       7
       9
       4
       5
       2
       4
       3
       5
       6
       4
       3
       7
       3
       4
       1
       5
       8
       3
       2
       5
       4
       5
       5
       2
       6
       2
       3
       7
       5
       4
       8
       6
       2
       4
       4
       5
       5
       3
       8
       3
       3
       6
       5
       2
       4
       5
       4
       6
       8
       0
       7
       7
       2
       4
       3
       8
       5
       1
       4
       1
       5
       3
       3
       9
       5
       4
       6
       2
       6
       4
       5
       6
       4
       2
       5
       6
       5
       3
       4
       3
       6
       5
       5
       7
       4
       1
       3
       7
       1
       4
       6
       6
      13
       1
       3
       3
       3
       6
       7
       3
       5
       2
       3
       7
       7
       8
      10
       7
       2
       2
       7
       3
       3
       6
       3
       3
       3
       1
       4
       3
       5
       7
       5
       6
       8
       1
       5
       4
       3
      11
       4
       5
       5
       3
       8
       6
       3
       3
       5
       5
       6
       5
       3
       3
       1
       1
       2
       4
       6
       4
       1
       6
       6
       8
       7
       8
       4
       3
       5
       6
       4
       3
       4
       4
       5
       9
       4
       7
       8
       5
       2
       1
       3
       2
       7
       3
       9
       6
       9
       7
       2
       5
       8
       5
       5
       2
       3
       7
       5
       4
       2
       6
       5
       3
       7
       3
       7
       5
       3
       3
       3
       4
       2
       4
       8
       2
       7
       5
       2
       5
       4
       7
       4
       8
       3
       4
       4
       6
       6
       5
       6
       5
       2
       7
       5
      11
       4
       4
       5
      10
       4
       8
       7
       5
       6
       5
       4
      10
       4
       6
       4
       2
       8
       3
       3
       3
       5
       6
       6
       6
       5
       4
       4
       7
       2
       5
       1
       7
       3
       8
       2
       7
       2
       5
       7
       5
       4
       5
       6
       7
       2
       5
      10
       2
       9
       6
       4
       1
      12
       4
       5
       3
       7
       5
       6
       4
       2
       3
       5
       3
       4
      10
       5
       7
       4
       3
       3
       6
       2
       4
       6
       6
       6
       3
       3
       4
       4
       4
       5
      10
       5
       7
       2
       3
       4
       6
      11
       4
       2
       8
       8
       6
       4
       5
       7
       5
       5
      17
      14
       9
      11
      16
      13
       9
      10
      11
      15
      21
      20
      18
      26
      18
      15
      20
      14
      19
      24
      11
      16
      18
      16
       9
      13
      12
      12
       9
      15
       6
      10
       7
       5
       8
       3
       4
       1
       3
       7
       5
       1
       4
       6
       4
       5
       2
       3
       1
       5
       9
       6
       4
       5
       3
       5
       4
       6
       5
       5
       3
       4
       6
      10
       1
       5
      11
       7
       8
       1
       1
       7
       8
       5
       1
       4
       6
       5
       7
      10
       8
       6
       5
       5
       5
       6
       7
       5
       4
       5
       5
       5
       5
       6
       5
       2
       6
       4
       4
       2
       7
       4
       5
       8
       3
       3
       4
       6
       1
       3
       2
       4
       5
       5
       1
       2
       5
       7
       2
       6
       5
       9
       3
       7
       5
       6
       5
       5
       5
       2
       7
       2
       4
       8
       2
       4
       3
       3
       4
       1
       7
       4
       7
       2
       7
       6
       2
       2
       8
       3
       5
       0
       3
       3
       5
       5
       9
       3
       0
       2
       6
       2
       8
       3
       5
       4
       3
       3
       3
       8
       3
       6
       5
       4
       5
       3
       6
       9
       3
       1
       6
       5
       5
       6
       1
       7
       6
       1
       5
       3
       3
       4
       2
       2
       5
       1
       2
       3
       2
       3
       5
       4
       9
       2
       6
       5
       3
       5
       3
       4
       5
       5
       5
       2
       8
       8
       6
       2
       5
       7
       4
       6
       0
       5
       3
       4
       6
       5
       5
       4
       5
       4
       4
       4
       3
       6
       5
       3
       1
       4
       3
       5
       2
       4
       3
       2
       7
       3
       8
       4
       5
       4
       0
       5
       4
       4
       7
       5
       3
       6
       3
       5
       3
       3
       2
       4
       2
       6
       4
       5
       7
       5
       9
       4
       5
       6
       3
       8
       6
       7
       5
       5
       5
       3
       2
       3
       3
       6
       1
       2
       2
       2
       5
       4
       5
       7
       6
       3
       4
       7
       6
       2
       3
       3
       6
       9
       3
       3
       0
       5
       4
       6
       1
       4
       3
       4
       3
       3
       4
       2
       8
       5
       4
       1
       2
       2
       1
       5
       4
       7
       4
       5
       3
       7
       1
       3
       1
       3
       5
       5
       3
       3
       2
       5
       4
       2
       1
       2
       2
       4
       2
       2
       4
       3
       5
       4
       2
       5
       2
       7
       6
       3
       4
       3
       1
       1
       2
       6
       2
       3
       4
       4
       4
       5
       6
       4
       3
       5
       1
       2
       4
       6
       3
       4
       9
       0
       6
       6
       5
       3
       3
       6
       7
       3
       4
       5
       6
       2
       6
       4
       2
       3
       4
       5
       5
       1
       3
       3
       5
       0
       4
       3
       3
       2
       7
       7
       2
       5
       4
       4
       3
       2
       4
       4
       2
       2
       5
       4
       1
       2
       4
       2
       3
       3
       2
       2
       1
       6
       6
       2
       5
       3
       5
       4
       2
       7
       3
       1
       6
       4
       5
       2
       7
       6
       4
       4
       1
       4
       6
       2
       8
       5
       4
       6
       5
       8
       3
       1
       3
       2
       3
       7
       3
       1
       3
       4
       2
       2
       3
       5
       3
       2
       3
       4
       2
       5
       3
       3
       4
       3
       5
       0
       6
       7
       2
       5
       4
       2
       7
       3
       3
       7
       2
       4
       4
       3
       4
       5
       4
       3
       2
       5
       1
       4
       2
       8
       3
       5
       2
       1
       3
       3
       3
       4
       2
       4
       1
       2
       3
       4
       2
       4
       2
       3
       2
       6
       2
       5
       5
       0
       3
       4
       4
       3
       5
       3
       4
       3
       2
       6
       3
       4
       3
       1
       4
       4
       3
       3
       6
       2
       5
       2
       4
       2
       1
       3
       2
       3
       5
       8
       1
       5
       3
       2
       6
       2
       2
       6
       3
       5
       1
       2
       5
       4
       2
       3
       1
       2
       1
       6
       2
       2
       3
       3
       4
       4
       3
       4
       3
       3
       2
       6
       0
       2
       3
       1
       3
       4
       0
       0
       3
       3
       3
       4
       1
       4
       4
       4
       2
       5
       1
       4
       1
       2
       3
       1
       4
       5
       2
       1
       2
       3
       5
       3
       2
       3
       2
       1
       1
       2
       2
       1
       2
       1
       1
       3
       4
       0
       5
       6
       2
       4
       5
       2
       2
       5
       4
       5
       3
       3
       5
       5
       5
       3
       5
       1
       3
       2
       2
       0
       1
       3
       5
       1
       5
       2
       4
       2
       3
       2
       2
       2
       4
       2
       2
       4
       4
       2
       5
       3
       1
       5
       6
       0
       2
       2
       4
       2
       4
       3
       5
       4
       5
       3
       2
       1
       2
       4
       2
       3
       2
       6
       3
       3
       3
       1
       3
       1
       5
       5
       2
       1
       5
       4
       1
       3
       2
       2
       3
       2
       2
       1
      36
      64
      64
      57
      70
      64
      63
      72
      72
      59
      68
      70
      70
      61
      62
      66
      67
      60
      67
      57
      58
      54
      69
      71
      60
      53
      72
      60
      63
      62
      62
      55
      70
      58
      55
      68
      66
      58
      56
      60
      61
      78
      66
      51
      66
      65
      69
      53
      63
      50
      54
      70
      65
      55
      66
      52
      75
      60
      57
      77
      76
      83
      57
      61
      55
      58
      62
      84
      71
      68
      58
      67
      64
      61
      59
      76
      73
      78
      64
      67
      86
      82
      64
      83
      81
      81
      85
     101
      71
      90
      76
      94
      83
      83
      67
      79
      65
      84
      77
      76
      64
      77
      82
      90
      66
      69
      66
      45
      49
      54
      61
      50
      52
      56
      52
      53
      57
      58
      63
      50
      56
      49
      47
      60
      57
      45
      63
      72
      51
      41
      42
      50
      61
      57
      59
      46
      46
      43
      49
      52
      40
      47
      55
      48
      69
      46
      42
      54
      41
      53
      47
      51
      53
      47
      45
      40
      58
      62
      40
      57
      51
      61
      51
      47
      48
      59
      53
      58
      46
      64
      49
      56
      50
      52
      53
      65
      52
      45
      55
      49
      54
      55
      45
      54
      26
$ROI:
0
$PRESETS:
None
0
0
$ENER_FIT:
0.000000 0.000000
$MCA_CAL:
3
0.000000E+000 0.000000E+000 0.000000E+000 
$SHAPE_CAL:
3
0.000000E+000 0.000000E+000 0.000000E+000
