$SPEC_ID:
No sample description was entered.
$SPEC_REM:
DET# 1
DETDESC# DESKTOP-3KSJ573 926
AP# Maestro Version 7.01
$DATE_MEA:
12/08/2025 15:51:53
$MEAS_TIM:
68801 68856
$DATA:
0 8191
       0
       0
       0
       0
       0
       0
       0
       0
       0
       0
       0
       0
       0
       0
       0
       0
       0
       0
       0
       0
       0
       0
       0
       0
       0
       0
       0
       0
       0
       0
       0
       0
       0
       0
       0
       0
       0
       0
       0
       0
       0
       0
       0
       0
       0
       0
       0
       0
       0
       0
       3
       1
       9
      20
      45
      74
     167
     186
     230
     197
     209
     189
     204
     204
     218
     207
     221
     211
     198
     191
     161
     184
     181
     179
     177
     163
     179
     155
     172
     191
     170
     159
     133
     174
     166
     146
     150
     164
     157
     155
     146
     153
     163
     150
     145
     159
     122
     137
     142
     119
     109
     137
     131
     157
     150
     143
     130
     120
     137
     128
     124
     116
     121
     110
     104
     120
     116
     121
     129
      96
     113
     123
     100
     103
     115
      99
     101
     118
     113
     113
      97
     103
     115
     104
      97
     110
     112
      92
     128
      90
     104
      98
     118
     107
      91
     102
      97
      81
      93
      99
      79
      79
     100
     116
     108
      93
      96
      84
      78
      97
      90
      87
     100
     112
      88
     117
      94
      99
      76
      87
      87
      81
     103
      91
      79
      68
      85
      87
      73
      79
      80
      81
      89
      89
      83
      84
      74
      79
      68
      89
      87
      81
      76
      90
      68
      79
      90
      72
      62
      86
      68
      90
      69
      78
      61
      75
      71
      74
      89
      74
      92
      81
      87
      84
      77
      76
      71
      68
      75
      78
      96
      91
      60
      65
      63
      71
      73
      70
      73
      64
      67
      85
      63
      75
      72
      64
      76
      73
      76
      65
      69
      77
      72
      76
      69
      75
      75
      74
      61
      71
      56
      64
      66
      59
      66
      61
      60
      80
      68
      66
      74
      66
      69
      67
      78
      60
      68
      51
      76
      65
      64
      83
      64
      71
      68
      56
      71
      67
      66
      66
      65
      53
      63
      45
      67
      73
      57
      67
      60
      60
      49
      56
      71
      66
      53
      67
      65
      56
      50
      66
      53
      66
      61
      76
      60
      68
      71
      77
      64
      68
      58
      65
      70
      59
      66
      53
      70
      57
      56
      61
      65
      57
      59
      62
      65
      49
      58
      43
      61
      72
      74
      70
      63
      54
      52
      62
      57
      66
      61
      56
      66
      66
      57
      71
      58
      60
      59
      72
      48
      45
      47
      53
      54
      48
      58
      77
      63
      56
      57
      68
      57
      67
      51
      61
      57
      57
      50
      60
      70
      50
      50
      74
      73
      44
      67
      54
      48
      52
      53
      55
      62
      62
      54
      57
      49
      56
      59
      63
      56
      44
      71
      56
      51
      69
      52
      60
      50
      53
      57
      64
      45
      59
      67
      57
      44
      63
      53
      47
      46
      44
      52
      45
      50
      60
      60
      66
      49
      52
      61
      59
      56
      57
      41
      48
      64
      63
      54
      49
      58
      65
      49
      70
      61
      66
      60
      47
      50
      55
      39
      47
      58
      53
      44
      57
      50
      37
      56
      54
      49
      53
      58
      41
      63
      52
      64
      63
      57
      56
      62
      55
      59
      57
      60
      55
      55
      51
      45
      41
      50
      49
      56
      55
      60
      43
      50
      49
      58
      61
      52
      43
      53
      49
      70
      61
      45
      53
      56
      51
      56
      56
      52
      68
      51
      58
      53
      53
      64
      61
      54
      46
      52
      56
      66
      67
      54
      67
      44
      47
      48
      45
      68
      57
      49
      42
      61
      64
      50
      53
      64
      62
      52
      58
      51
      53
      48
      73
      56
      71
      53
      55
      66
      66
      52
      52
      52
      58
      42
      59
      53
      49
      66
      53
      67
      62
      72
      65
      50
      60
      55
      48
      51
      54
      55
      69
      61
      59
      64
      62
      57
      55
      63
      58
      63
      47
      59
      66
      48
      40
      64
      53
      60
      55
      55
      46
      69
      61
      58
      59
      50
      58
      64
      57
      66
      69
      59
      41
      60
      68
      48
      49
      55
      51
      62
      65
      61
      65
      60
      51
      66
      60
      66
      68
      76
      60
      66
      68
      61
      51
      65
      75
      71
      77
      67
      73
      70
      79
      77
      94
      85
      83
     105
      75
      90
      85
      85
      86
      67
      73
      95
      64
      80
      99
     103
     120
     146
     127
     111
     144
     124
     137
     117
     120
      98
     101
      73
      80
      86
      77
      80
      77
      80
      61
      57
      66
      87
      74
      65
      88
      69
      61
      72
      81
      75
      63
      67
      66
      69
      64
      75
      55
      70
      65
      56
      81
      71
      70
      67
      71
      63
      71
      58
      61
      60
      65
      63
      69
      50
      47
      64
      63
      66
      57
      56
      57
      64
      56
      62
      62
      64
      64
      87
      70
      69
      67
      58
      72
      66
      72
      80
      60
      86
      80
      70
      87
      90
      94
      76
      87
      97
      90
      94
      94
     102
      91
      94
      88
      91
     103
      78
      75
      76
      76
      62
      78
      72
      78
      78
      74
      64
      74
      77
      78
      87
      82
      71
      86
      70
      71
      75
      89
      68
      72
      76
      80
      67
      60
      56
      77
      70
      73
      96
      76
      78
      55
      82
      73
      80
      73
      81
      74
      58
      60
      62
      75
      71
      74
      87
      64
      81
      83
      93
      74
     110
     105
     106
     109
     102
     127
     107
      92
     101
      96
      83
      91
      73
      84
      71
      81
      89
      75
      81
      77
      69
      76
      68
      78
      58
      68
      73
      61
      58
      88
      75
      64
      78
      76
      64
      45
      68
      76
      64
      62
      75
      71
      87
      87
      63
      71
      74
      69
      69
      77
      70
      73
      77
      71
      79
      70
      88
      77
      72
      72
      71
      80
      78
      99
      64
      80
      69
      61
      72
      70
      75
      78
      75
      67
      64
      86
      91
      61
      79
      79
      71
      68
      73
      67
      66
      53
      58
      83
      83
      51
      84
      65
      81
      61
      64
      82
      76
      73
      83
      73
      64
      82
      72
      67
      76
      70
      66
      71
      58
      89
      70
      68
      66
      68
      62
      88
      71
      66
      76
      61
      71
      72
      66
      81
      67
      74
      53
      80
      72
      85
      73
      84
      72
      76
      77
      76
      72
      76
      87
      71
      75
      84
      73
      75
      67
      89
      69
      81
      76
      73
      70
      75
      87
      85
      84
      73
      61
      87
      89
      76
      78
      74
      79
      78
      77
      76
      70
      67
      79
      79
      76
      73
      66
      79
      92
      55
      75
      69
      63
      89
      90
      73
      68
      83
      63
      80
      63
      96
      63
      77
      70
      92
      76
      70
      87
      79
      86
      66
      86
      86
      91
      85
      90
      82
      86
      75
      79
      85
      75
      86
      80
      76
      76
      86
      83
      65
      69
      91
      78
      78
      73
      68
      79
      64
      64
      63
      88
      91
      78
      79
      84
      59
      71
      67
      81
      69
      95
      74
      98
      77
      82
      81
      77
      85
      77
      78
      81
      72
      95
      90
      84
      73
      72
      90
      69
      67
      86
      74
      58
      85
      84
      89
      85
      67
      77
      75
      90
      93
      70
      58
      77
      87
      85
      93
      82
      63
      74
      80
      67
      62
      87
      88
      85
      85
      80
      97
      98
      76
      81
      79
      85
      82
      89
      69
      69
      74
      86
      66
      76
      76
      62
      65
      84
      74
      75
      69
      71
      66
      84
      77
      90
      76
      93
      81
      80
      95
      71
      86
      78
      75
      76
      85
      70
      77
      87
      87
      79
      75
      77
      82
      78
      75
      76
      90
      62
      78
      83
      87
      70
      69
      70
      74
      75
      84
      67
      70
      63
      90
      83
      87
      77
      76
      79
      66
      78
      77
      86
      74
      81
      80
     102
      72
      58
      78
      71
      78
      77
      76
      78
      72
      78
      77
      85
      69
      68
      66
      67
      76
      75
      84
      83
      82
      71
      78
      78
      81
      89
      83
      86
      88
      77
      70
      88
      85
      84
      89
      66
      70
      59
      88
      71
      73
      62
      76
      88
      71
      84
      75
      68
      72
      76
      74
      66
      75
      76
      59
      75
      85
      72
      73
      78
      67
      75
      76
      79
      82
      87
      76
      83
      85
      82
      63
      75
      82
      86
      91
      89
      68
      76
      74
      90
      78
      81
      68
      66
      67
      68
      89
      79
      73
      80
      57
      80
      86
      91
      70
      76
      72
      72
      77
      69
      80
      82
      72
      68
      70
      76
      68
      57
      65
      69
      79
      72
      64
      65
      64
      78
      62
      78
      83
      63
      81
      74
      73
      61
      62
      76
      76
      83
      77
      92
      72
      69
      67
      75
      92
      66
      81
      69
      75
      72
      70
      61
      65
      76
      69
      77
      65
      68
      70
      83
      63
      60
      65
      91
      68
      80
      74
      68
      82
      73
      71
      69
      73
      87
      69
      90
     101
      65
      73
      73
      84
      73
      73
      78
      52
      59
      65
      73
      80
      72
      73
      89
      68
      76
      72
      83
      64
      74
      67
      83
      64
      77
      76
      77
      61
      66
      77
      77
      68
      64
      65
      75
      63
      76
      84
      72
      67
      76
      63
      80
      83
      80
      68
      60
      72
      73
      71
      65
      58
      69
      88
      60
      72
      58
      67
      76
      63
      61
      65
      58
      78
      63
      79
      62
      70
      74
      80
      76
      75
      75
      57
      64
      80
      79
      58
      70
      73
      65
      70
      45
      63
      67
      64
      70
      73
      56
      70
      60
      58
      81
      64
      84
      79
      72
      67
      66
      60
      71
      81
      65
      68
      62
      74
      68
      66
      59
      56
      70
      61
      63
      61
      72
      59
      59
      74
      82
      74
      68
      83
      54
      70
      75
      64
      65
      54
      79
      60
      62
      73
      79
      68
      67
      62
      60
      59
      61
      76
      65
      58
      54
      47
      65
      78
      64
      59
      63
      62
      63
      69
      73
      52
      59
      66
      61
      49
      45
      59
      68
      52
      73
      49
      61
      75
      61
      59
      48
      59
      63
      77
      60
      69
      73
      63
      72
      66
      63
      81
      58
      63
      73
      47
      54
      64
      58
      67
      62
      80
      62
      69
      76
      65
      51
      59
      64
      65
      54
      77
      52
      60
      68
      57
      50
      56
      46
      69
      53
      78
      52
      71
      61
      58
      60
      77
      76
      48
      62
      64
      62
      58
      67
      67
      67
      62
      54
      57
      64
      63
      65
      60
      84
      58
      53
      66
      60
      70
      58
      58
      71
      60
      70
      49
      53
      58
      54
      44
      63
      88
      58
      81
      79
      71
      90
      85
      98
      91
      85
      93
      83
      94
      79
      92
      83
      77
      78
      75
      66
      72
      72
      73
      65
      54
      58
      57
      70
      62
      72
      51
      63
      53
      62
      70
      62
      62
      59
      60
      52
      59
      77
      64
      55
      59
      64
      66
      38
      70
      72
      56
      47
      55
      66
      58
      49
      54
      60
      55
      57
      59
      58
      65
      44
      51
      68
      59
      56
      48
      58
      58
      71
      66
      61
      55
      41
      66
      59
      65
      60
      63
      47
      61
      61
      53
      64
      71
      56
      47
      55
      53
      69
      49
      68
      59
      49
      55
      49
      50
      45
      62
      52
      65
      49
      61
      49
      65
      51
      58
      54
      65
      49
      59
      74
      44
      45
      54
      54
      62
      57
      55
      59
      62
      56
      43
      56
      54
      53
      60
      57
      54
      62
      63
      49
      55
      59
      78
      56
      45
      54
      58
      56
      49
      46
      63
      56
      58
      46
      62
      54
      53
      47
      69
      52
      49
      60
      52
      56
      51
      60
      64
      71
      60
      45
      52
      48
      40
      61
      54
      59
      65
      49
      61
      44
      57
      36
      50
      54
      44
      59
      55
      55
      53
      52
      56
      57
      49
      56
      41
      46
      63
      54
      42
      54
      65
      54
      57
      50
      63
      54
      56
      60
      54
      41
      59
      60
      53
      63
      58
      63
      70
      50
      46
      47
      65
      53
      70
      67
      48
      55
      55
      57
      41
      43
      53
      62
      57
      51
      66
      59
      56
      52
      65
      49
      58
      52
      53
      49
      38
      35
      55
      53
      54
      57
      56
      52
      54
      48
      48
      59
      52
      48
      44
      56
      47
      50
      62
      50
      43
      58
      59
      50
      51
      52
      57
      36
      55
      49
      51
      59
      46
      56
      36
      42
      50
      48
      52
      48
      52
      67
      41
      66
      60
      47
      45
      51
      39
      56
      53
      46
      54
      46
      46
      44
      46
      60
      55
      48
      54
      59
      47
      42
      53
      55
      41
      54
      44
      42
      43
      47
      50
      41
      42
      51
      40
      48
      61
      46
      49
      55
      38
      55
      45
      46
      52
      55
      48
      59
      49
      44
      47
      49
      59
      49
      49
      50
      38
      37
      53
      39
      49
      50
      57
      36
      49
      42
      52
      47
      40
      52
      44
      44
      48
      48
      62
      45
      55
      55
      60
      51
      49
      46
      44
      62
      48
      50
      44
      47
      43
      40
      44
      47
      43
      42
      48
      53
      40
      43
      43
      59
      61
      44
      43
      26
      54
      45
      44
      31
      38
      39
      51
      42
      48
      54
      36
      53
      48
      53
      38
      47
      47
      42
      43
      50
      39
      56
      51
      36
      37
      55
      41
      36
      60
      42
      52
      41
      52
      42
      49
      64
      47
      37
      40
      54
      51
      54
      51
      46
      47
      45
      44
      43
      40
      50
      43
      43
      37
      48
      46
      46
      45
      44
      58
      42
      50
      54
      48
      59
      59
      50
      66
      70
      66
      60
      75
      72
      60
      66
      65
      70
      56
      64
      51
      39
      32
      52
      50
      36
      49
      45
      37
      45
      58
      51
      53
      46
      49
      55
      66
      54
      58
      61
      64
      46
      51
      53
      64
      37
      52
      47
      44
      43
      54
      45
      57
      44
      45
      38
      40
      46
      38
      42
      41
      34
      44
      59
      48
      40
      55
      34
      36
      54
      39
      39
      51
      30
      45
      49
      32
      40
      36
      39
      34
      49
      36
      34
      28
      40
      53
      48
      42
      49
      46
      34
      39
      42
      51
      40
      40
      43
      37
      38
      44
      31
      35
      34
      42
      45
      32
      42
      42
      38
      46
      42
      39
      38
      46
      33
      37
      42
      32
      36
      40
      38
      44
      42
      52
      30
      42
      35
      48
      50
      29
      41
      36
      39
      39
      37
      31
      33
      38
      47
      37
      38
      38
      34
      31
      39
      39
      36
      33
      32
      32
      31
      31
      48
      35
      42
      32
      33
      37
      33
      45
      30
      45
      35
      40
      33
      44
      42
      33
      41
      39
      37
      39
      32
      43
      41
      44
      36
      30
      39
      49
      40
      33
      31
      29
      32
      35
      32
      36
      46
      38
      44
      38
      22
      32
      36
      27
      36
      44
      39
      31
      38
      32
      40
      37
      42
      22
      30
      38
      39
      26
      28
      38
      37
      40
      42
      32
      36
      35
      44
      33
      44
      41
      34
      31
      32
      33
      41
      23
      33
      37
      33
      38
      30
      34
      43
      43
      34
      34
      23
      29
      32
      21
      49
      34
      52
      35
      25
      26
      35
      33
      34
      33
      45
      37
      27
      41
      45
      38
      46
      29
      43
      30
      28
      31
      29
      35
      32
      38
      31
      42
      38
      40
      36
      36
      36
      43
      36
      31
      36
      36
      38
      25
      32
      41
      32
      33
      47
      41
      23
      43
      45
      36
      43
      36
      40
      52
      28
      43
      35
      34
      24
      37
      42
      41
      40
      44
      20
      30
      39
      38
      35
      31
      35
      37
      36
      32
      46
      31
      43
      27
      32
      28
      25
      45
      29
      31
      27
      37
      30
      32
      28
      36
      39
      35
      31
      30
      32
      30
      30
      35
      43
      25
      29
      27
      37
      45
      17
      34
      28
      32
      37
      24
      33
      31
      40
      33
      32
      30
      33
      31
      36
      38
      32
      23
      29
      37
      26
      32
      28
      35
      30
      26
      32
      23
      32
      31
      27
      43
      32
      31
      29
      33
      30
      31
      30
      27
      30
      28
      31
      23
      34
      25
      28
      36
      39
      37
      26
      29
      26
      21
      26
      37
      31
      36
      32
      37
      32
      47
      32
      28
      33
      25
      25
      33
      31
      34
      38
      32
      30
      34
      27
      37
      33
      28
      39
      31
      35
      34
      27
      34
      37
      38
      18
      25
      32
      32
      28
      27
      21
      19
      30
      37
      30
      37
      23
      28
      28
      30
      31
      34
      43
      25
      34
      24
      31
      23
      26
      35
      32
      32
      19
      32
      28
      30
      34
      42
      40
      29
      32
      27
      25
      38
      34
      27
      33
      44
      37
      41
      45
      43
      51
      48
      67
      77
      72
      59
      54
      54
      64
      61
      61
      45
      43
      35
      38
      40
      27
      28
      27
      47
      23
      27
      30
      19
      42
      22
      18
      27
      27
      26
      21
      26
      22
      39
      12
      31
      29
      46
      28
      35
      28
      31
      42
      40
      33
      26
      22
      30
      37
      31
      30
      23
      18
      29
      17
      39
      22
      24
      28
      26
      37
      31
      39
      38
      34
      22
      38
      32
      38
      27
      38
      27
      26
      29
      28
      27
      37
      29
      27
      38
      28
      22
      40
      32
      12
      28
      26
      23
      33
      31
      26
      37
      30
      28
      24
      22
      37
      36
      18
      27
      23
      28
      32
      28
      26
      22
      26
      30
      48
      22
      22
      24
      25
      24
      31
      26
      25
      22
      28
      19
      21
      28
      25
      39
      27
      27
      21
      20
      13
      22
      30
      35
      17
      27
      31
      24
      42
      26
      26
      30
      19
      31
      24
      22
      26
      22
      26
      22
      35
      32
      21
      34
      24
      34
      22
      32
      31
      27
      21
      25
      27
      27
      40
      20
      26
      26
      31
      18
      16
      27
      35
      30
      22
      35
      26
      30
      24
      24
      22
      20
      31
      22
      32
      32
      19
      15
      20
      23
      28
      22
      41
      30
      20
      34
      26
      31
      18
      21
      22
      28
      35
      18
      22
      26
      21
      22
      22
      21
      30
      25
      22
      30
      23
      33
      24
      20
      21
      27
      29
      31
      25
      32
      35
      30
      27
      28
      24
      22
      24
      39
      21
      23
      29
      30
      23
      23
      25
      34
      26
      25
      25
      24
      23
      25
      26
      27
      31
      25
      33
      20
      23
      30
      15
      34
      26
      26
      19
      19
      22
      23
      23
      22
      26
      25
      31
      22
      22
      22
      30
      21
      23
      26
      20
      22
      28
      21
      18
      27
      30
      28
      29
      26
      21
      30
      36
      22
      26
      16
      29
      27
      18
      26
      39
      26
      27
      22
      19
      31
      25
      23
      18
      29
      34
      17
      27
      23
      28
      25
      30
      21
      22
      18
      23
      32
      20
      25
      22
      13
      25
      23
      34
      30
      16
      26
      34
      29
      29
      21
      23
      28
      19
      28
      23
      22
      30
      21
      33
      32
      24
      20
      26
      25
      30
      20
      24
      32
      36
      19
      27
      21
      19
      35
      30
      27
      35
      15
      37
      27
      19
      32
      21
      22
      21
      30
      25
      26
      19
      31
      24
      38
      28
      35
      27
      23
      22
      27
      34
      25
      27
      25
      35
      32
      18
      28
      24
      32
      19
      23
      25
      33
      20
      17
      28
      27
      31
      25
      19
      22
      26
      20
      24
      18
      23
      23
      20
      22
      24
      22
      31
      25
      25
      20
      24
      30
      19
      23
      20
      26
      21
      21
      17
      19
      25
      19
      30
      32
      25
      25
      19
      19
      26
      13
      27
      23
      20
      23
      23
      17
      25
      18
      27
      27
      24
      28
      25
      23
      16
      18
      24
      20
      20
      22
      23
      26
      18
      24
      31
      33
      31
      27
      22
      26
      22
      17
      21
      22
      24
      29
      28
      30
      29
      27
      43
      40
      42
      49
      52
      62
      64
      81
      75
      88
      83
      83
      69
      61
      83
      62
      52
      44
      37
      36
      31
      21
      30
      31
      33
      33
      22
      32
      19
      17
      18
      15
      19
      16
      29
      16
      23
      18
      22
      25
      20
      27
      16
      19
      20
      15
      22
      13
      22
      24
      17
      27
      27
      24
      18
      26
      19
      23
      20
      22
      22
      16
      23
      20
      21
      14
      25
      15
      20
      20
      26
      19
      16
      22
      26
      20
      17
      16
      14
      16
      16
      21
      25
      17
      26
      24
      16
      28
      23
      22
      18
      29
      17
      17
      20
      11
      18
      36
      13
      17
      20
      14
      18
      20
      18
      16
      22
      22
      26
      19
      15
      26
      25
      22
      18
      21
      15
      28
      22
      15
      25
      17
      14
      25
      26
      29
      24
      26
      28
      24
      25
      31
      20
      25
      18
      17
      19
      15
      20
      24
      21
      13
      17
      28
      23
      21
      18
      30
      16
      22
      17
      25
      20
      13
      24
      16
      23
      16
      11
      18
      18
      16
      13
      25
      24
      18
      18
      13
      16
      16
      23
      23
       9
      21
      22
      25
      21
      18
      21
      18
      25
      14
      17
      24
      21
      16
      21
      19
      26
      15
      24
      21
      20
      20
      15
      16
      20
      20
      21
      23
      18
      21
      15
      13
      20
      16
      27
      23
      19
      21
      22
      18
      31
      15
      18
      21
      19
      15
      23
      16
      21
      23
      21
      15
      23
      18
      19
      22
      24
      17
      16
      14
      35
      20
      19
      20
      16
      16
      18
      18
      18
      15
      19
      18
      11
      26
      16
      24
      20
      22
      21
      14
      17
      17
       8
      19
      16
      20
      21
      32
      23
      24
      16
      16
      12
      15
      21
      25
      14
      16
      18
      22
      16
      26
      14
      23
      20
      30
      17
      18
      13
      14
      20
      16
      23
      15
      26
      18
      25
      19
      23
      23
      21
      20
      18
      27
      22
      22
      24
      20
      20
      15
      24
      22
      29
      18
      15
      20
      18
      20
      18
      24
      22
      20
      15
      19
      22
      25
      18
      14
      21
      22
      16
      21
      16
      12
      11
      22
      19
      19
      16
      14
      17
      12
      14
      15
      23
      22
      22
      25
      18
      27
      18
      25
      22
      17
      16
      24
      19
      13
      17
      23
      21
      26
      19
      17
      15
      15
      17
      21
      21
      20
      24
      22
      17
      13
      24
      21
      21
      26
      21
      10
      22
      20
      13
      21
      21
      25
      18
      21
      22
      18
      22
      14
      16
      23
      16
      13
      14
      21
      22
      17
      12
      16
      21
      13
      27
      24
      16
      28
      22
      11
      17
      21
      23
      26
      22
      16
      23
      17
      19
      22
      20
      20
      19
      21
      21
      19
      17
      13
      18
      14
      20
      25
      19
      17
      27
      24
      16
      21
      20
      20
      13
      12
      20
      13
      22
      15
      13
       9
      18
      13
      19
      15
      16
      24
      20
      25
      22
      27
      15
      22
      17
      13
      14
      14
      26
      19
      11
      26
      19
      26
      17
      16
       9
      22
      17
      21
      23
      19
       9
      19
      16
      18
      19
      17
      18
      22
      17
      22
      19
      23
      14
      12
      10
       9
      17
      20
      23
      18
      19
      22
      24
      20
      21
      14
      18
      27
      15
      22
      17
      19
      15
      14
      19
      17
      11
      13
      22
      13
      20
      14
      21
      15
      13
      18
      16
      23
      27
      14
      22
      17
      10
      16
      24
      19
      16
      15
      14
      18
      18
      14
      24
      17
      21
      24
      20
      12
      13
      26
      20
      17
      16
      15
      23
      20
      22
      18
      15
      17
      10
      18
      17
      22
      13
      24
      15
      23
      13
      21
      14
      19
      17
      21
      15
      20
      19
      15
      10
      18
      18
      19
      19
      18
      21
      10
      19
      22
      20
      21
      12
      16
      22
      11
      23
      23
      13
      13
      15
      16
      16
      20
      14
      19
      15
      16
      16
      18
      16
      22
      27
      24
       9
      13
      13
       9
      16
      21
      20
      14
      16
      15
       9
      15
      18
      14
      18
      25
      25
      20
      21
      18
      19
      22
      19
      20
      19
      25
      14
      19
      18
      17
      14
      15
      21
      17
      15
      18
       8
      10
      17
       9
      18
      11
      22
      16
      15
      16
       7
      16
      18
      15
      11
      18
      18
       8
      18
      12
      17
      15
      22
      23
      17
      14
      28
      29
      11
      18
      13
      14
      13
      13
      11
      14
      21
      14
      19
      18
      15
      23
      14
      17
      20
      11
       8
      14
      14
      15
      16
      22
      13
      21
      14
      15
      15
      17
      17
      24
      22
      12
      16
      10
      23
      12
      18
      17
      23
      23
      11
      11
      21
      15
      13
      20
      15
      11
      11
      18
      16
      18
      12
      16
      23
      17
      13
      14
      21
      14
      14
      20
      17
      14
      21
      22
      20
      17
      16
      20
      15
      19
       8
      17
      11
      14
      15
      19
      12
      14
      13
      24
      12
      18
      17
      22
      14
      17
      13
      15
      22
      13
      13
      11
      17
      15
      15
      14
      10
      17
      17
      13
      16
      19
       9
      22
      15
      11
      19
      15
      14
      19
      20
      20
      16
      15
      18
      15
      13
      18
      12
      19
      21
      16
      16
      12
      16
      21
      17
      22
      11
      15
      16
      19
      14
      18
      16
      23
      12
      18
      15
      13
      21
      16
      13
      19
      11
      16
      23
      19
       5
      21
      17
      14
      19
      13
      20
      15
      16
      15
      21
      14
      14
      14
      14
      19
      14
      13
      14
      13
      18
      14
      22
      15
      11
      14
      23
      14
      12
      17
      17
      11
      14
      22
      18
      11
      10
      27
      19
      22
      18
      14
      15
      20
      11
      13
       9
       4
      16
      19
      10
      23
       8
      13
      13
      15
      20
      12
      11
      19
      17
      13
      13
      24
      11
      20
      14
      16
      20
       5
      11
      18
      20
      21
      17
      18
       8
      14
      18
      25
      15
      22
      19
      13
      12
      12
      13
      16
      12
      18
      28
       7
      17
      17
      14
      12
      15
      15
      13
      13
      22
      10
      15
      15
      25
      21
      11
      11
      14
       4
      15
      16
      15
      16
      10
      15
      19
      15
      16
      16
      13
      12
      15
      14
      16
      25
      16
      16
      26
       5
      20
      26
      18
      13
      13
      15
      20
      23
      17
      12
      20
      14
      14
      14
       5
      11
      18
      25
      14
      15
      11
      22
      15
      10
       7
      18
      12
      10
      15
       9
      16
      16
      11
      18
      13
      20
      10
      13
      18
      13
      14
      22
      13
      15
      14
      18
      16
      23
      11
      13
      17
      19
      14
      11
      18
      14
      13
      11
      18
       8
      21
      19
      16
      18
      15
      12
      23
      18
      11
      21
      15
      14
      17
      10
      22
      18
      13
      11
      13
      22
      16
      23
       8
      14
      14
      19
      12
       9
      11
      12
      14
      19
      17
      10
      12
      11
      17
      10
      14
      16
      19
      13
      13
      14
      13
      17
      16
      11
      15
      13
      17
      13
      11
      17
      17
      16
      15
      12
      22
      15
       8
      16
      11
      14
      20
      17
      13
      18
       9
      15
      11
      18
      10
      15
      15
      18
       9
      16
      10
      18
      10
      17
      17
      18
       9
      12
      11
      16
      14
      15
      13
      15
      18
      17
      13
      12
       8
      17
      20
      12
      17
      13
      14
      11
      14
      14
      18
      13
       9
      18
      14
      16
      11
      13
      17
      18
      16
      12
      16
      20
      14
      12
      18
      18
      20
      13
      15
      11
      17
      15
       9
      10
      14
       9
      17
      17
      16
      16
      12
      20
      16
      15
      18
      18
      11
      19
      14
      12
      15
      15
      15
      19
      10
      12
      18
      15
      18
      13
       7
      11
      12
      11
      18
      10
      11
      12
       9
       9
      18
      15
      16
      14
      14
       9
      10
      16
      12
       8
      16
      18
       7
       9
      17
      15
      10
      14
      15
      18
      12
      18
      15
      15
       7
      14
      13
      13
      15
       9
       7
      14
      16
      17
      17
      15
      14
      11
      14
      11
       9
      14
       7
      20
      13
      16
       9
      17
      12
       9
      12
      18
      14
      16
      11
      12
      11
      10
      13
      17
      19
       6
      10
      15
      12
      12
      18
       3
       9
      16
      15
      16
      15
      14
      18
      20
      13
      12
      16
      12
      14
      12
      19
      18
      11
      12
      13
      11
       7
      16
      14
       7
       9
      12
      15
      18
       4
      11
       8
      13
      13
      19
      17
      11
      10
      12
      16
      10
      13
      19
      15
       8
      17
      11
      14
      10
      15
       9
      12
      12
      14
      14
      17
      18
       8
      17
       7
      14
       9
      10
      11
      12
      13
       7
      14
      14
      14
      17
      15
       9
      22
      18
      18
      22
      24
      17
      25
      23
      22
      17
      31
      19
      29
      26
      29
      29
      28
      27
      32
      30
      26
      24
      43
      44
      49
      49
      47
      45
      62
      44
      44
      36
      50
      42
      50
      41
      42
      38
      37
      36
      35
      19
      25
      20
      19
      24
      14
      17
      13
      18
      19
      25
      19
      12
      16
      16
      13
       9
       9
      12
      11
      19
      17
      16
      20
      15
      13
       7
      12
      16
      10
      14
      11
      11
      14
      13
      13
      12
       9
      11
      19
      12
      17
      14
      19
      12
      10
      10
      11
      15
       8
       9
      10
      13
      13
       7
      19
      15
      10
      11
       8
      12
      10
      15
      10
      12
      10
      12
      13
      18
      14
       8
      17
      14
       9
      12
      10
      13
      14
       7
      16
       9
      15
      13
      17
       8
      12
      15
      14
      14
      22
      17
      12
      14
      12
      15
      13
      13
      16
       7
      12
      12
      10
      19
      16
      10
      16
       8
      13
      13
      12
      15
      15
      14
      18
      11
      17
      16
      14
       8
      13
      11
       7
      15
      10
      12
      16
      10
      18
      12
       9
      16
       5
      13
      10
      15
      15
      10
      13
      19
      15
      15
      14
      15
      14
      10
      14
      13
      14
       4
       9
      13
       8
      13
      14
      23
      15
      19
      10
       9
      10
       9
      16
       8
      14
      10
      14
      18
       8
      16
      12
      14
      10
      21
      12
       7
      16
      13
      13
       9
       8
      11
      11
      14
      18
      12
      16
      13
      19
      15
      14
      15
      20
      12
       7
       6
       5
      11
      21
      10
      11
      14
      21
       9
      15
      21
      11
      14
      22
      11
      14
      17
      12
       9
      13
      13
      12
      13
      16
      14
       9
      13
      13
      10
       8
       9
      12
      21
      13
      15
      11
      15
      14
      16
       6
      16
      15
      18
      14
       6
      20
      12
      13
       6
      13
       8
       7
      11
       9
      14
      12
       5
      12
      15
      15
      14
      17
      12
      10
      18
       7
      15
      16
      15
      13
      10
      13
      12
      13
      11
      15
      14
       4
      14
      16
      10
       5
      13
      13
       9
      17
      11
      10
       6
       7
      11
      11
      10
      10
      16
      10
      15
      16
       8
      19
      15
      11
      12
      14
      10
      12
      12
      11
       9
      13
       7
      14
       6
      14
      10
      16
       8
      17
      13
      15
       6
      10
      18
      15
      11
      18
      13
       8
      13
      17
      12
      16
       9
      13
      11
       9
       8
      15
       9
      12
       8
      14
      17
      15
      15
      12
       7
      14
      11
      11
      11
      11
      11
      10
       6
      12
      12
       9
      16
      13
      10
      15
      11
       7
       8
       6
      11
       9
      11
      10
      15
       7
       5
       7
       9
      11
       6
      12
      20
       8
      11
      13
       7
       5
       8
      11
      13
      11
      11
      11
       6
      10
       9
       9
      13
      17
      13
      14
       9
      11
      18
       9
       5
       9
       8
       6
      19
      10
       6
       9
       7
      17
       9
      11
      13
      12
      14
      11
       9
      18
      17
      16
      16
      10
      17
      13
      10
      11
      13
       8
      10
      13
      15
      12
       5
      14
      10
       9
       9
       8
      12
       9
      10
      18
       7
      14
      16
      12
       8
      11
       6
      10
       9
      14
      17
      12
      11
       9
      12
      12
      19
      12
      10
      15
      14
      12
      10
       9
       9
      11
      11
      15
       8
       6
      15
      10
      10
       6
       9
       9
      14
      11
      10
       9
      13
      16
      15
       8
      13
      16
      13
      10
      13
      11
      14
      11
       8
      13
      12
      14
      10
      10
      11
      10
      10
      17
      14
      16
      17
       8
      10
      12
      12
      16
       9
      10
      14
      14
      12
      18
       6
      10
      13
      10
       9
       8
      11
      12
      12
       9
      11
       7
      13
       6
       9
       6
       7
       8
      12
      10
       5
      15
      11
       9
      14
      16
      12
      10
      12
      15
      12
       6
      15
      19
       8
      13
       5
      16
      13
      13
      17
      18
       9
      12
      16
      12
       6
      12
      15
      14
       5
      10
       9
      13
      16
      11
      11
      18
      14
      10
      11
      13
      10
      16
      11
      18
      16
      14
      17
       8
      14
      11
      17
      22
      13
      21
      24
      17
      20
      32
      25
      19
      24
      28
      18
      13
      18
      24
      13
      10
      15
      17
      13
      16
      10
      14
      12
      16
      15
       9
      14
       9
       8
      10
       8
      15
      11
       9
       7
      12
      12
      10
      10
      15
       8
      10
      10
      11
      10
       6
      11
       8
      13
       4
      14
       7
      14
      12
      13
       7
       6
       4
      13
      14
      18
      10
       9
      11
      11
      13
      12
       5
      16
      15
      11
       9
       6
       8
      17
      11
      14
      13
      12
       7
       9
       6
      11
       9
      11
       6
      11
       8
      10
      13
      11
      16
      10
      13
      16
      14
      15
       7
      11
       7
      10
      11
      13
      11
       9
      10
      11
      13
      10
      11
      16
      10
      14
      16
      16
      11
      15
       8
       8
       5
      11
       4
      11
      10
      14
       8
      10
      11
       7
      14
       9
      13
      12
      13
       7
       9
      15
      10
      10
      10
       7
      14
      11
      10
      19
       9
      13
       9
      10
      12
      13
      12
      13
      16
       5
      10
       4
       9
       8
      13
       9
      10
       9
      11
      10
       7
      12
       9
      10
       8
      10
      11
      12
      14
       9
      13
      11
      13
      11
      18
       5
      13
       9
      10
       8
      25
      11
       6
       6
       4
      15
      10
      15
      16
      12
      10
       5
      16
      10
       9
      14
      15
      10
      12
      12
      10
       7
      11
      17
      11
      17
      15
      23
      18
      30
      32
      24
      22
      38
      30
      31
      45
      39
      41
      52
      44
      47
      54
      41
      42
      45
      43
      38
      28
      28
      24
      33
      17
      22
      17
      12
      17
       9
       8
      12
       7
       8
      10
      11
      11
       5
      11
      15
       9
      11
      11
      14
      12
      12
       6
       8
       9
      14
       9
       9
      12
       7
      10
       9
      12
      12
      11
      12
      11
      11
       9
       9
       8
       9
      12
       9
       9
      13
      11
      11
       5
      11
      11
      13
      13
       8
      10
      16
       9
       5
      15
      13
      10
       6
       5
      14
       8
       6
      11
       9
      11
      14
      11
      15
      10
      12
      15
       6
       6
       9
       6
      12
      11
      14
       6
       9
       6
       9
      13
      15
      12
       9
      21
      10
      15
       7
       7
      10
      13
       7
      12
       5
      10
      17
       7
      10
       5
      10
      11
      11
      14
       7
       8
       9
      10
       4
      14
      13
       7
       7
      10
      13
       7
      10
      12
      14
       8
       9
      13
      10
       4
       8
      14
       8
       5
      11
       6
       6
      12
      10
      13
       8
       7
      14
       9
       9
      13
      11
      14
      15
      13
      10
       7
       7
       7
      15
      10
       8
       8
       4
      10
      12
       5
      15
       9
      11
      15
       8
      11
       8
      16
      11
      10
      15
      13
       9
      13
      11
       5
       7
      11
      11
      15
       8
       7
      12
      10
       9
       9
      16
      13
      12
      11
       8
      12
      12
      12
      10
      14
       8
       8
      11
      13
      11
      13
      12
      14
       5
      12
       9
      11
       6
      10
       5
       7
      11
       4
       7
       7
      12
       6
      13
      14
       9
       5
       6
      12
       5
      11
      12
       4
      12
       8
       7
       8
       6
      11
       7
       7
      12
      11
      14
      10
      14
      15
       4
      15
      10
       4
      10
       7
       8
      10
       9
       8
      10
      11
      11
      11
       7
       9
       9
       9
       6
      11
       9
      11
      12
       8
       4
       9
       8
      10
      14
      12
       9
       7
       5
      11
      11
      10
       8
       9
      16
       8
      15
       7
       6
       6
       6
      13
       6
       8
      12
      13
       9
      11
       8
       6
      14
      14
       6
       9
       9
       7
      12
       8
      12
      10
      14
      10
       9
       7
       9
       7
       5
       7
      13
       5
      12
      10
      12
      11
      12
      12
       7
       9
       4
      11
      11
      13
      11
      15
      10
      11
      10
      10
       9
      14
      12
       6
       8
       9
       8
      13
       9
       9
      10
      12
       5
      11
       9
       8
      11
       5
       2
       7
       8
      14
       7
       3
       7
      12
      11
      15
       8
       9
       3
       8
      10
      10
      12
      13
       6
       5
       9
      11
       7
       7
       8
       8
       8
       9
      11
       5
       7
      11
       6
       7
       7
      12
      11
      14
       9
       7
      19
      11
       6
      13
       6
       9
       9
       6
       9
      12
       6
      11
      11
      12
      15
       4
      13
      11
      17
      16
      13
       9
       9
       9
      16
      13
      12
      10
      13
      21
      17
      11
      13
       8
      17
      21
      21
      10
      14
      21
      19
      13
      19
      13
      10
      16
      15
      15
       6
      11
      16
      11
      18
       8
       3
       9
       8
      11
       4
      11
       9
      13
       8
       6
       9
      12
      16
      14
      12
      11
      15
       6
       5
      10
      12
      13
       8
       3
      10
      11
      12
       9
       6
      14
       7
      17
       8
       7
       6
      10
       8
       8
       7
       8
       9
      10
       8
       8
      10
       7
       8
      14
      12
      10
      14
       6
      11
      10
       9
       7
      10
       5
       9
      14
      10
       7
       9
       8
       7
      10
       9
      15
       8
       5
       5
       6
      12
      10
      10
      14
       5
       7
      13
       7
      10
       5
       8
       7
       9
       3
       4
       9
      12
       9
      11
       8
      10
      10
       8
      12
       7
       8
       6
      11
      15
      11
      12
      13
      11
       3
       8
       8
      10
      11
       5
       6
      10
      14
       8
      11
       8
      13
       7
      10
       4
       5
       1
      17
      11
      14
      10
      10
       7
      11
      11
       9
       9
       9
      11
       3
       5
       7
       6
      12
       7
       4
       6
       7
      11
      14
      12
       5
       9
      16
      11
      11
      14
      10
       4
       9
       5
      13
      11
       6
      10
       8
       8
       8
       8
      13
       5
       7
      13
       8
      10
       8
       9
       9
      13
       4
       9
      11
       5
       5
      13
       7
       7
      12
      10
      10
      13
      11
      10
      12
       7
      13
       8
       8
      11
      10
      11
       7
       5
      10
       9
       6
       6
      14
      10
       5
      14
       8
      12
      10
      12
       7
      11
      10
       9
      10
       8
      11
       7
       5
      10
      17
       4
      10
      12
       8
       9
      12
      12
      11
       8
       5
      13
       5
       7
       7
       7
       8
      12
       5
       6
       4
      11
      15
       7
      10
       9
      10
      11
      14
       5
       8
      10
      11
      11
      10
      11
      14
       5
       9
      12
       7
      10
      12
      11
      10
      10
       9
      17
      11
      16
       9
       6
       5
      10
       9
       9
       7
      15
      18
      12
       8
       3
      12
       4
       7
       8
       9
       8
       7
      13
       9
       6
       5
      16
      14
       5
      10
      12
       7
       6
       7
       9
      11
      15
       7
       4
      11
       9
       8
       5
       9
      12
       5
       6
       9
       5
      10
      14
      11
      12
      17
       6
      16
      14
      11
       8
      14
      13
      11
      11
       6
       7
       9
       4
       7
       7
       8
       9
       5
      10
       9
      10
       6
       4
      10
       9
      16
       8
       6
       9
      13
       3
       8
       7
       8
      11
       6
       8
      11
      14
       7
       9
       8
      12
       5
       6
       5
       9
      12
       7
       6
      12
       9
      14
      15
       6
      13
      13
      12
       6
       6
       5
       8
      10
      14
      11
       6
      11
      10
       9
      10
       7
      12
      12
      11
       7
       7
       6
       7
      13
       2
       5
      10
       2
       6
       4
       6
       9
       6
       8
      13
       4
       9
       7
       9
      10
       7
      10
       8
       9
      11
       8
       3
      10
      10
       6
      12
      15
      17
       7
       8
       3
       7
      10
      14
       8
       7
       6
       9
      11
      12
       9
       7
       4
       7
      12
      10
       5
       8
       8
       5
       9
       9
       9
      10
       7
       7
       5
      10
       9
       5
       2
       8
      10
      20
       4
      10
       9
       7
       8
      17
       8
      10
       8
       8
       4
      16
       7
       4
       5
      11
       5
      10
       7
       9
       6
       9
      12
       6
       8
       7
      13
      14
      10
       6
       3
      15
       6
      11
       4
      12
      11
       5
      10
       9
      13
      14
       9
       9
       8
      13
       6
      12
       4
       8
      11
       5
       8
       5
      11
       9
      10
       8
       9
      13
      10
       6
       8
      11
       8
      10
      10
      10
      11
      10
      12
      12
      10
      12
      11
       3
      14
      15
      11
       3
       9
      10
       6
       2
       7
       6
       3
      11
      11
       8
       5
      13
      11
      10
      10
      12
       8
      12
       8
       8
       3
      11
      10
       9
      13
      12
      10
       4
      10
      11
       4
       8
      11
       5
      10
      10
       5
       7
       8
       6
       5
      11
      10
      11
       7
      11
      14
       8
       3
       5
       7
       8
       4
      10
      13
       5
       7
       6
      10
      10
       8
       4
       9
      13
       9
       4
       8
       6
       6
       9
      11
       9
      10
      10
      11
       6
       6
       6
      12
       7
      10
       7
       5
       9
      14
      12
      13
       9
      13
       9
       9
       8
       6
      11
       8
       9
       5
       6
       5
       7
      10
       9
       8
      21
       9
       6
       7
       7
       9
       7
       7
      11
       6
      16
       9
       2
      12
      11
       3
       8
      10
       7
      10
       6
       9
      12
      10
       5
       6
       7
       7
       2
       9
       3
      11
      17
       3
       6
      13
       7
       5
       5
       7
       7
       7
      10
       4
       4
      10
       5
       6
      11
       7
       9
      15
       9
       6
       9
       7
       5
       4
       7
       7
       4
       8
       8
      13
       7
      10
       7
       4
      10
       7
       6
      13
      10
       4
      10
       9
       9
       8
       9
      13
       4
       7
       9
      11
      17
       8
       4
      11
       6
       9
      10
       9
      12
       6
       5
       6
       8
      10
       9
      10
       9
      11
       9
      10
       7
      11
       9
       5
      14
       2
       6
       8
       6
       9
       9
      12
      15
      12
      11
      11
      10
       4
       9
      12
       7
      10
       8
      12
      15
      11
      10
      10
      10
       8
       4
       5
      12
       8
      10
       8
       9
       6
       9
       5
      11
      10
       9
       9
      10
       7
      11
       9
       8
      10
      13
      11
       7
       7
       3
       5
       5
       9
       8
       5
       6
       9
       5
       8
       8
       9
       8
       6
       8
       7
       6
      11
       4
      12
       5
       1
       8
      13
      12
       9
       7
       8
      14
      11
       9
      10
      11
       8
      10
       8
      12
      10
       7
       8
       8
      11
       8
      10
       8
       8
       7
      10
      11
       7
       6
       9
      10
      13
      17
       7
      15
       7
       7
      12
       5
      12
       4
      12
      11
      13
      14
      13
      10
       9
      12
       9
       7
       7
      15
      23
      11
      11
      13
       6
      13
      11
      10
      12
      11
       7
       6
       9
       5
       7
       4
       9
      11
       7
      11
       6
       7
      10
       2
      10
      12
      12
      10
       8
       7
      15
       6
      11
       8
       7
       6
       6
      10
       8
       9
       8
       4
      15
       4
       6
       3
       8
      12
       8
       6
       8
       6
       5
      11
       7
       7
       5
       5
       6
       2
       3
      10
      11
      13
       6
      12
      14
       8
       3
       7
       9
       9
       7
       6
       7
      11
       8
       7
       7
       8
       8
       7
       8
       8
       6
       6
       3
      13
       7
       7
      12
       6
      11
       8
       9
      14
       7
      10
       7
       4
       5
       8
      12
       9
      16
       8
       5
       8
       9
      12
      10
       6
       6
       6
       1
      12
      14
       3
      10
       6
       5
       9
       9
       9
       4
      13
       4
       8
       6
       9
       7
       9
       9
       7
       9
       8
       7
       8
      10
       7
       7
       9
      11
      14
       5
       5
       5
       9
       4
       3
       9
      11
       9
       5
       9
      10
       6
       9
       6
       5
       9
       7
      11
       9
       6
       5
       6
       9
       9
       4
       5
       3
      12
       9
       7
       8
       9
       8
       8
       7
      15
       7
       9
       7
      12
       9
       7
       8
       8
       6
       3
       8
      12
       8
       8
       9
       4
       9
       4
       9
       9
       8
       7
       8
       8
       9
       4
      12
      15
       8
      10
       7
       8
       8
       8
       9
      11
      11
       8
      15
       8
       7
       7
      10
       7
       8
      14
       6
       7
      10
      10
       8
      10
       4
       6
       6
       5
       5
       9
       7
       6
       9
       9
       3
       7
      12
       7
       7
      10
       9
       8
       7
       6
       7
       8
       7
       8
       9
       6
       7
      15
       7
       8
       8
       5
       9
       5
       9
       4
       9
      10
       5
       8
       7
       5
       6
      15
       6
       8
       4
      11
       8
       7
       9
      11
      11
       5
      13
       8
       8
       7
       7
      11
       8
       9
       5
      10
       9
       5
       1
      12
       5
      11
       9
       5
       5
      10
      11
       7
      12
      10
       6
       8
       6
       8
       9
      10
      11
       7
       9
       9
      10
       9
       7
       6
      13
      11
       9
      12
       8
       6
       4
       5
       9
       4
       6
      12
       4
      13
       6
       5
       6
       7
       9
       1
       5
       5
      10
      11
       6
       8
       4
       4
      14
       8
       6
       6
       6
      10
       4
       3
       8
       7
       4
       8
       4
      13
       4
       7
       5
      12
       6
       7
       8
       4
       8
       6
       4
       6
       6
       9
       4
      11
       8
       7
       5
       6
       8
       4
       4
       7
       7
       5
       1
       8
       6
      10
      11
       7
       6
       4
       7
       6
      10
      10
       8
      12
       5
      13
      11
      11
       6
       8
      10
      12
       5
       7
       6
       8
       6
       7
      12
       7
       9
      10
       5
       7
       5
       8
      12
       6
       6
       6
       9
       9
       6
       5
      11
       8
       6
       5
       6
       5
       5
       9
       6
       6
       5
       4
       3
       5
       7
       5
       6
       6
       4
       8
      10
       7
      13
      10
      11
      14
       8
       6
       3
       5
       8
       5
       7
       8
      10
      10
       7
       8
       8
       6
       8
       9
       8
       5
       7
       4
       5
       8
       8
       8
      11
       6
      10
       8
       8
      10
       8
       4
       5
       5
       8
       5
       6
       5
       7
       7
      11
       1
       9
       7
       7
       6
       5
      10
       4
       6
       7
       8
       8
      15
      11
       6
       4
       7
       8
       9
      10
       9
       7
       9
       7
       7
       5
       3
       9
       8
       6
       7
       8
       7
       6
      10
       5
       9
       3
       9
      13
       5
      10
       8
       8
       4
       8
       9
       7
      13
       5
       8
       3
       6
       6
       8
       8
       7
       4
       6
       9
       8
       9
       7
       9
       7
       8
       8
       9
      11
      10
      18
       2
       9
       5
       6
       9
       9
       4
       2
       6
       9
       5
      11
       4
       5
       6
       8
      12
       8
      14
       9
       9
       8
       7
       8
       9
      12
       7
       7
       6
       9
       6
       8
       5
       4
       5
       4
       5
       5
       3
      13
       9
       3
       7
      13
      12
       4
       8
      10
      10
       2
       7
       7
       9
       7
       6
       5
       5
       8
       8
       6
       9
       9
      12
       5
       7
      10
       5
       7
       5
       4
       9
       2
       7
       6
      12
       8
       6
       4
       2
       7
       7
       5
      10
      11
       5
       2
       8
       8
       6
      10
       4
      11
       6
       9
      10
       6
      10
       4
       8
       5
       9
       6
       4
       5
       9
       5
       7
      12
       7
       8
      10
       7
       3
       6
       6
       7
       6
       7
       5
       6
       6
       6
       4
       9
       5
       2
       6
      11
       8
       5
       8
       4
       3
       6
       7
       9
       7
       4
       7
       8
       4
       6
       4
       6
       1
      10
       5
       2
       3
       5
       7
       7
       6
       5
       5
       5
       8
       7
       7
       7
       6
       4
       8
       8
       3
      13
       6
       5
       5
      10
      12
       7
       8
       8
       7
       7
       9
       6
      10
       7
       7
       7
      10
       6
      10
       6
       9
       6
       4
       7
       8
      12
       8
       9
       8
       9
       7
       3
       5
      14
       9
       7
       3
       8
       7
       8
      10
       8
       3
      10
       8
       0
       5
       6
       3
       8
       9
       4
       5
       8
       6
       4
       9
       8
      13
      10
      14
       5
       5
       6
       6
       9
       8
       3
       4
       6
       5
       7
       7
       7
       8
       8
       8
       4
      11
       4
       7
       8
      10
       9
       6
       4
       7
       8
       7
       6
      12
       6
       9
      12
       7
       6
       9
       7
       6
       5
       6
       7
       9
       5
       8
       7
       6
       2
      11
       7
       8
      13
      11
      10
       6
       2
       4
       6
       5
       8
       4
       4
       7
      13
      11
      10
       7
       7
       4
       9
       2
       8
      14
       5
       4
       6
       8
       8
       8
       5
       5
       5
       6
       8
       7
       8
       8
      11
       2
       4
       3
       6
       9
       4
       9
       3
       4
      11
       1
       5
      10
      13
       9
       9
       9
       8
       4
       5
       7
       9
       8
       6
       4
       7
       5
       7
      14
       8
       6
       6
      10
       5
       5
       6
       5
       7
       3
       8
       8
       9
       4
       4
       5
       8
      10
       7
       8
      11
       3
       9
       6
       6
       9
       8
       4
       5
       8
       7
       6
       3
       9
       2
       2
       9
       9
       9
       8
       8
       9
       7
       6
      10
       6
       6
      10
       5
       7
       7
       7
       4
       8
      10
       2
       3
       3
       4
       6
       7
      12
      10
       3
       8
       9
      10
       5
       7
       5
       7
       5
       4
       7
       4
      10
       9
       7
       5
       6
      10
       8
       5
       5
       4
       9
       9
       7
       4
      11
      11
       6
       7
       9
       3
       4
       6
       0
       5
       9
       6
       8
       6
       5
      12
       9
       9
       9
      10
       8
       5
       8
       2
       9
       8
       8
      14
      15
       5
      11
       9
       5
       8
       5
       2
       7
       8
      14
       4
      10
      11
       9
       8
      10
       6
       7
       7
      11
       4
       2
       8
       6
       5
      10
       7
       9
       7
       4
       7
       9
       7
       8
      11
       4
       6
       3
       5
       9
       4
       8
       6
       9
       9
       9
       7
       3
       9
       4
       3
       6
       8
       5
       7
       4
       8
       5
       4
       8
       1
       9
      11
      10
      11
       1
       8
       7
       5
       9
      10
       5
       9
       9
       4
       8
       4
       4
       8
       5
       5
       7
       4
       8
       7
       9
       6
       7
       4
       2
       6
       8
       9
       8
       3
       6
       4
       4
       9
       7
      10
       8
       3
       4
       5
       8
      11
       3
      11
       5
       5
       6
       9
       2
      13
       7
       4
       8
       6
       2
       9
       5
       7
       6
       8
       9
      14
       6
       7
       2
      12
       4
       5
       6
       8
       7
       8
       7
       6
       7
       5
       4
       9
       7
       6
       6
       9
       4
      14
      11
      15
       6
       9
       7
      13
      18
       8
      10
       9
      13
      16
      16
      14
      12
      11
      10
       7
       6
       9
      11
       6
      11
      14
       3
       5
       6
      12
      11
      11
       4
      11
      13
       5
       7
       4
      13
       3
       6
       8
      10
       6
       9
       4
       8
       4
      13
       1
      13
       7
      11
       7
       6
       6
      11
       3
       7
      14
      11
       8
      10
       5
       9
       7
       5
       7
       7
       8
       4
       3
       7
       7
       3
       5
       8
      11
       7
       5
       7
       5
       4
       8
       6
       7
       7
       7
       1
       5
       6
       4
       4
       6
       4
       3
       4
       9
       4
       5
      10
       4
       4
      10
       8
       6
       6
       5
      13
       4
       6
       6
       7
       4
      10
       7
       9
       3
       8
       2
       6
       7
       7
       9
       6
       7
       4
       8
       4
       5
       9
       8
       1
       5
       6
       3
       3
       5
       8
       7
       7
       5
      11
      11
      10
       4
       9
       3
       7
       4
       4
       4
       5
       3
       6
       5
       3
       8
       4
       4
       3
       9
       3
       4
       7
       7
       7
       5
      14
       9
      11
      17
       9
       6
       5
       8
       3
       4
       5
       7
       5
       9
       3
       4
      10
       5
       8
      10
      11
       7
       3
       7
       4
       6
       9
       8
       7
       7
       6
       9
      13
      18
      17
      10
      12
       9
       8
       6
       5
       6
       9
       6
      10
       5
      12
      13
       8
       7
       6
       7
       7
       9
      10
       6
       8
       9
      11
       2
      11
       5
       4
       5
       7
       5
       6
       6
       6
       9
       9
       4
       6
       4
       7
       4
       4
       5
       8
       5
       3
       7
       6
       5
      12
      15
       6
       4
       5
       7
       6
       5
       7
       3
       8
       5
       8
       7
       4
       2
      11
       4
       7
       5
       7
       6
       8
       7
       6
       5
       6
       5
       7
       5
       5
       8
       7
       5
      12
       4
       8
       6
       6
       6
       9
       9
       3
      10
       2
       9
       7
       3
       2
       5
      10
       7
      11
       3
      10
       5
      10
       4
       7
       7
       7
       5
       4
       3
       5
       3
       8
       7
       4
       9
       4
       5
      11
       7
       6
       4
       9
       3
       8
       5
       8
       8
      12
       8
       8
       6
       7
       9
       9
       3
       5
       8
       5
       5
       4
      10
       8
       9
       5
      11
      10
      10
       6
       4
       3
       7
      12
      37
     118
     108
     114
     121
     126
     134
     121
     126
     126
     124
     134
     118
     116
     123
     135
     118
     116
     115
     129
      98
     131
     115
     117
     122
     117
     132
     108
     133
     114
     119
     115
     111
     134
     127
     121
     126
     120
     112
     134
     126
     118
     130
     126
     129
     114
     112
     117
     115
     124
     118
     101
     117
     109
     123
     121
     114
     105
     126
     113
     128
     120
     118
     126
     112
     118
     114
     129
     115
     114
     119
     130
      97
     107
     129
     114
      96
     107
     119
     124
     123
     120
     108
     130
     117
     111
     125
     116
     102
     103
     123
     128
     100
     118
     140
     113
     113
     111
     101
      98
     123
     106
     124
     116
     115
     116
      97
     124
     101
     110
     121
     116
     104
     115
     126
     114
     126
     141
     123
     130
     111
     105
      94
     101
     129
     118
     104
     107
     102
     116
     105
     112
     100
     122
     109
     127
     106
     105
     104
     110
     117
     133
      99
     112
      74
     123
     117
     115
     122
      92
     107
     119
     109
     113
     109
     107
     114
      99
     109
     100
     123
     112
     100
     113
     122
     109
     121
     120
      98
     103
      96
     105
     115
     110
     116
     105
     100
     105
     114
     122
      99
     107
     101
     116
      65
$ROI:
0
$PRESETS:
None
0
0
$ENER_FIT:
0.000000 0.000000
$MCA_CAL:
3
0.000000E+000 0.000000E+000 0.000000E+000 
$SHAPE_CAL:
3
0.000000E+000 0.000000E+000 0.000000E+000
