$SPEC_ID:
No sample description was entered.
$SPEC_REM:
DET# 1
DETDESC# DESKTOP-3KSJ573 926
AP# Maestro Version 7.01
$DATE_MEA:
12/08/2025 15:05:31
$MEAS_TIM:
2509 2543
$DATA:
0 8191
       0
       0
       0
       0
       0
       0
       0
       0
       0
       0
       0
       0
       0
       0
       0
       0
       0
       0
       0
       0
       0
       0
       0
       0
       0
       0
       0
       0
       0
       0
       0
       0
       0
       0
       0
       0
       0
       0
       0
       0
       0
       0
       0
       0
       0
       0
       0
       0
       0
       1
       0
       2
      11
      51
      97
     196
     354
     519
     581
     635
     649
     674
     622
     632
     600
     634
     637
     592
     560
     610
     597
     567
     523
     523
     501
     525
     556
     506
     543
     476
     520
     486
     487
     452
     453
     458
     457
     417
     438
     480
     450
     463
     473
     411
     399
     392
     431
     415
     354
     398
     394
     424
     405
     371
     379
     357
     380
     342
     360
     370
     374
     357
     374
     364
     361
     355
     356
     356
     323
     380
     337
     350
     345
     324
     351
     320
     308
     347
     349
     321
     353
     305
     326
     338
     302
     323
     333
     289
     326
     317
     326
     340
     308
     338
     307
     291
     295
     287
     293
     287
     252
     292
     313
     312
     299
     261
     293
     299
     302
     279
     303
     297
     300
     264
     278
     284
     288
     285
     277
     283
     228
     284
     301
     275
     251
     262
     291
     250
     260
     258
     257
     262
     283
     296
     269
     242
     257
     247
     267
     223
     277
     266
     260
     266
     235
     250
     264
     255
     237
     253
     237
     253
     226
     220
     244
     238
     260
     232
     224
     253
     245
     237
     231
     230
     226
     224
     236
     244
     210
     222
     231
     247
     254
     233
     198
     218
     238
     233
     245
     220
     245
     251
     223
     220
     193
     196
     243
     245
     220
     218
     238
     221
     218
     209
     190
     207
     208
     198
     221
     226
     200
     221
     219
     222
     233
     213
     201
     215
     221
     230
     201
     217
     210
     215
     214
     197
     234
     207
     188
     207
     205
     204
     210
     215
     229
     190
     202
     192
     203
     198
     199
     197
     182
     224
     186
     211
     209
     205
     188
     209
     194
     176
     191
     181
     193
     189
     178
     219
     207
     210
     194
     206
     210
     184
     219
     199
     205
     189
     190
     184
     208
     189
     196
     195
     189
     190
     190
     182
     184
     175
     197
     168
     171
     155
     206
     198
     166
     165
     197
     163
     207
     210
     150
     180
     176
     179
     164
     185
     194
     195
     190
     188
     193
     164
     155
     163
     182
     176
     195
     198
     178
     213
     163
     157
     207
     204
     179
     179
     171
     199
     174
     179
     180
     168
     184
     168
     179
     184
     182
     188
     186
     189
     173
     181
     169
     176
     171
     172
     159
     189
     157
     179
     169
     159
     153
     172
     175
     186
     185
     178
     171
     172
     206
     175
     209
     171
     179
     201
     216
     171
     175
     210
     203
     227
     194
     194
     166
     155
     200
     169
     184
     186
     199
     185
     170
     173
     177
     156
     161
     165
     177
     145
     159
     178
     163
     184
     180
     163
     181
     186
     175
     156
     188
     201
     182
     180
     157
     167
     174
     155
     164
     185
     155
     165
     177
     176
     174
     175
     163
     179
     172
     197
     190
     189
     183
     210
     169
     196
     206
     172
     153
     175
     187
     173
     184
     173
     170
     155
     185
     190
     159
     171
     183
     180
     160
     162
     175
     205
     166
     171
     145
     165
     199
     154
     194
     172
     163
     187
     176
     160
     174
     179
     176
     183
     181
     175
     206
     204
     207
     201
     186
     204
     162
     184
     207
     193
     192
     169
     177
     178
     216
     203
     204
     173
     216
     200
     205
     180
     209
     215
     216
     205
     187
     200
     219
     190
     215
     217
     206
     203
     226
     223
     283
     285
     295
     327
     351
     352
     384
     373
     352
     331
     318
     312
     320
     262
     255
     265
     257
     216
     206
     197
     209
     207
     202
     221
     194
     185
     238
     225
     190
     207
     207
     195
     208
     203
     210
     211
     213
     242
     235
     218
     223
     248
     264
     222
     241
     212
     220
     246
     225
     257
     234
     212
     235
     230
     237
     230
     226
     222
     253
     210
     210
     223
     230
     207
     235
     223
     262
     245
     239
     206
     243
     236
     212
     230
     246
     263
     228
     254
     230
     251
     228
     235
     264
     236
     284
     258
     234
     258
     271
     242
     241
     281
     282
     295
     335
     332
     363
     451
     488
     509
     584
     606
     686
     777
     742
     692
     680
     656
     576
     572
     489
     488
     441
     441
     466
     513
     620
     669
     775
     951
     951
    1087
    1065
    1121
    1111
    1000
     976
     880
     752
     637
     558
     471
     385
     348
     336
     292
     265
     301
     266
     298
     298
     310
     300
     294
     294
     300
     261
     290
     272
     275
     288
     284
     275
     271
     275
     303
     279
     275
     275
     314
     261
     249
     237
     241
     227
     235
     209
     240
     238
     236
     259
     236
     244
     315
     304
     327
     331
     355
     401
     377
     404
     354
     371
     372
     332
     310
     299
     305
     257
     268
     213
     231
     205
     215
     217
     277
     257
     252
     278
     315
     393
     350
     397
     433
     464
     546
     536
     503
     552
     583
     504
     514
     465
     407
     404
     394
     333
     271
     280
     246
     251
     276
     274
     269
     309
     312
     356
     325
     351
     380
     365
     318
     371
     337
     344
     300
     289
     238
     267
     246
     232
     261
     286
     328
     352
     347
     423
     558
     539
     619
     675
     744
     774
     731
     751
     680
     654
     657
     522
     501
     449
     398
     384
     328
     341
     361
     315
     347
     335
     351
     323
     336
     321
     314
     298
     299
     261
     203
     233
     205
     236
     184
     227
     199
     189
     193
     193
     180
     163
     180
     171
     227
     216
     203
     235
     268
     292
     284
     352
     345
     331
     370
     318
     321
     321
     299
     318
     291
     240
     241
     231
     208
     194
     186
     203
     193
     194
     170
     192
     189
     182
     188
     159
     165
     187
     172
     176
     169
     152
     162
     194
     193
     172
     172
     159
     182
     195
     186
     163
     208
     181
     199
     176
     174
     172
     196
     178
     179
     196
     173
     181
     162
     182
     203
     182
     187
     188
     191
     189
     186
     170
     176
     185
     173
     200
     183
     179
     169
     179
     178
     161
     174
     165
     153
     174
     191
     190
     153
     181
     180
     162
     200
     191
     203
     203
     178
     178
     191
     184
     201
     209
     199
     213
     183
     183
     206
     190
     194
     229
     216
     195
     223
     200
     235
     233
     234
     250
     229
     236
     250
     237
     235
     225
     241
     226
     232
     200
     225
     229
     198
     212
     210
     247
     240
     234
     238
     194
     232
     227
     211
     201
     215
     223
     187
     227
     174
     191
     203
     215
     168
     197
     206
     215
     190
     205
     227
     194
     179
     179
     174
     177
     182
     208
     186
     185
     172
     187
     174
     165
     176
     162
     167
     193
     169
     176
     182
     179
     181
     186
     191
     171
     184
     177
     170
     181
     170
     155
     166
     153
     181
     187
     176
     169
     176
     211
     174
     191
     188
     187
     176
     180
     188
     153
     186
     193
     185
     187
     178
     180
     178
     188
     191
     197
     181
     170
     197
     181
     180
     179
     178
     171
     173
     161
     182
     167
     165
     198
     173
     172
     186
     187
     195
     184
     189
     182
     200
     196
     184
     159
     184
     163
     190
     172
     177
     171
     174
     180
     204
     165
     183
     186
     178
     190
     184
     177
     189
     180
     193
     192
     151
     189
     174
     193
     186
     166
     205
     219
     178
     185
     186
     170
     188
     197
     171
     189
     184
     177
     188
     167
     172
     203
     204
     172
     172
     182
     171
     192
     173
     215
     171
     176
     193
     185
     195
     197
     190
     174
     176
     184
     174
     174
     175
     167
     192
     177
     181
     192
     166
     188
     179
     175
     200
     206
     184
     202
     202
     165
     189
     176
     204
     186
     183
     185
     200
     186
     203
     202
     179
     187
     200
     193
     160
     201
     180
     222
     192
     204
     184
     185
     209
     185
     193
     174
     202
     171
     169
     205
     181
     201
     204
     168
     177
     187
     202
     174
     210
     210
     191
     183
     193
     196
     201
     188
     177
     196
     189
     208
     195
     186
     214
     172
     175
     190
     200
     189
     208
     197
     188
     196
     173
     189
     209
     196
     200
     220
     199
     236
     222
     249
     263
     243
     297
     290
     248
     307
     310
     265
     297
     240
     235
     227
     214
     240
     204
     190
     199
     196
     198
     188
     180
     163
     183
     190
     183
     184
     163
     205
     206
     172
     207
     186
     181
     201
     196
     170
     190
     216
     202
     190
     207
     181
     220
     191
     191
     190
     189
     210
     181
     205
     188
     189
     219
     210
     226
     198
     230
     224
     200
     190
     193
     196
     194
     160
     185
     196
     202
     198
     185
     214
     196
     215
     202
     211
     207
     193
     194
     193
     213
     194
     198
     204
     202
     203
     183
     199
     243
     228
     224
     230
     255
     243
     245
     223
     226
     219
     206
     203
     212
     199
     182
     186
     183
     190
     208
     230
     210
     185
     198
     185
     207
     192
     203
     194
     210
     203
     192
     181
     205
     179
     189
     204
     189
     147
     180
     199
     172
     193
     166
     221
     166
     172
     185
     176
     177
     185
     188
     187
     193
     170
     173
     178
     179
     198
     173
     172
     177
     202
     187
     170
     179
     172
     157
     167
     175
     186
     190
     174
     195
     177
     201
     183
     178
     197
     196
     190
     192
     178
     176
     186
     221
     195
     197
     217
     190
     188
     194
     175
     173
     156
     195
     211
     149
     162
     160
     170
     137
     191
     181
     172
     173
     155
     202
     171
     170
     172
     182
     164
     171
     174
     166
     158
     186
     158
     179
     171
     149
     165
     148
     174
     177
     143
     185
     165
     149
     152
     174
     169
     172
     190
     173
     156
     163
     160
     183
     192
     152
     162
     148
     197
     162
     171
     185
     136
     155
     166
     153
     152
     166
     180
     161
     175
     158
     167
     170
     142
     180
     161
     149
     150
     150
     148
     145
     149
     169
     147
     154
     168
     159
     160
     167
     165
     154
     168
     154
     159
     155
     152
     160
     162
     176
     159
     159
     161
     144
     162
     150
     185
     179
     170
     146
     169
     155
     150
     164
     145
     148
     152
     136
     145
     187
     165
     154
     172
     167
     164
     164
     180
     162
     153
     172
     158
     159
     193
     156
     182
     145
     164
     167
     187
     166
     158
     155
     179
     180
     177
     171
     178
     145
     154
     157
     162
     159
     156
     162
     159
     166
     163
     174
     169
     165
     155
     157
     156
     179
     169
     147
     176
     162
     189
     187
     141
     170
     184
     176
     220
     229
     250
     314
     346
     419
     498
     565
     644
     711
     740
     869
     951
     847
     868
     847
     746
     723
     624
     577
     498
     412
     349
     271
     231
     210
     236
     188
     154
     144
     147
     150
     165
     148
     187
     152
     157
     161
     167
     151
     155
     146
     137
     143
     129
     134
     152
     121
     160
     164
     149
     145
     123
     146
     165
     145
     145
     157
     140
     166
     135
     155
     169
     144
     161
     181
     154
     151
     143
     151
     144
     136
     140
     131
     145
     119
     146
     158
     134
     160
     154
     171
     164
     162
     127
     150
     149
     155
     139
     134
     131
     151
     115
     155
     159
     161
     135
     164
     145
     157
     131
     151
     144
     158
     145
     133
     166
     145
     159
     150
     162
     143
     131
     138
     123
     152
     131
     149
     142
     144
     152
     135
     154
     155
     132
     148
     135
     154
     153
     141
     148
     133
     148
     141
     144
     121
     138
     149
     146
     144
     129
     133
     144
     137
     148
     121
     153
     147
     139
     164
     132
     137
     122
     137
     140
     142
     137
     125
     121
     124
     144
     113
     118
     131
     128
     148
     126
     158
     124
     157
     135
     135
     149
     132
     141
     150
     172
     137
     119
     140
     142
     144
     127
     131
     128
     151
     135
     118
      98
     137
     129
     112
     100
     107
     113
     136
     111
     115
     123
     124
     126
     126
     107
     117
     113
     118
     120
     103
     121
     138
     106
     135
     116
      88
     122
      99
     102
     112
     120
     123
     113
     104
     141
     110
     142
     116
     110
     128
     113
     109
     135
     115
     123
     136
     131
     107
     117
      99
     109
      96
     107
     133
     127
     109
     109
     119
     112
     111
     114
     111
     127
     106
     118
     105
     125
     114
     104
     122
     103
     108
     101
     117
     117
     106
     108
     102
     124
     106
     109
     122
     118
     119
      98
     110
     116
      96
      98
     115
     119
      99
     111
      94
      99
     108
     107
     116
      87
     100
      97
     115
      99
     119
     104
     109
     120
      94
     120
      86
      95
     110
     113
     117
     107
     104
      84
     112
      97
     109
     108
     101
      98
     101
     107
     121
      97
     107
     119
      99
     101
     101
     103
      88
      95
      99
     113
     113
     103
     114
     111
     120
     106
     102
      97
     114
     102
     124
     109
     102
     104
      99
      98
      85
     120
     103
      99
     107
     119
      93
      93
     100
     112
      84
     106
      99
      82
     114
     101
      87
      95
     114
     100
     106
      93
      97
      98
     119
     118
     117
      98
      94
     111
      94
      76
      74
      81
      99
     101
     102
     103
     113
      88
     111
      97
     110
      97
      86
      87
      93
     103
      97
      84
      98
      98
      98
      93
      90
      98
      80
      97
      89
      98
      84
      98
      95
     107
     102
      77
      87
      89
     101
      94
      93
      84
      98
      89
      88
      92
     115
      98
      99
     117
      82
      90
     119
     106
     107
     138
     134
     138
     157
     146
     143
     137
     144
     150
     116
     124
     126
     127
     106
     122
     102
      99
     120
      91
      86
      87
     104
      90
      96
     101
     109
      91
      81
      88
      97
      73
     108
      95
      84
     112
      85
      91
      99
      96
      97
     103
      88
     102
     108
     128
     120
     160
     217
     250
     297
     415
     464
     557
     574
     700
     696
     739
     769
     759
     711
     685
     577
     546
     479
     367
     329
     220
     219
     183
     151
     115
     100
      99
     106
      87
      77
      94
      72
      84
      85
      82
      94
      71
      84
      60
      74
      87
      66
      80
      79
      76
      91
      88
      75
      76
      80
      61
      86
      82
      77
      74
      92
      83
      83
      91
      71
      82
      70
      71
      69
      78
      88
      91
      75
      78
      82
      77
      80
      70
      84
      81
      84
      79
      60
      87
      98
      64
      74
      89
      75
     101
      79
      80
      73
      84
      80
      70
     103
      68
      70
      87
      74
      72
      74
      73
      76
      71
      84
      76
      74
      68
      91
      93
      88
      89
      77
      84
      81
      85
      59
      76
      77
      75
      85
      81
      80
      87
      71
      88
      86
      99
      94
      98
      88
      98
     102
     100
     121
     122
      99
      82
      95
      96
     108
      84
      84
      86
      82
      92
     104
      78
      92
     102
      90
     121
     116
     122
     113
     115
     113
     121
     133
     104
     115
     116
     105
      94
      93
      81
      82
      72
      79
      83
      88
      80
      66
      72
      62
      83
      85
      69
      71
      65
      57
      61
      61
      82
      65
      70
      76
      70
      68
      70
      84
      68
      64
      76
      71
      72
      65
      71
      72
      83
      75
      72
      68
      67
      53
      68
      62
      73
      84
      71
      71
      68
      72
      78
      82
      73
      65
      70
      62
      69
      77
      67
      72
      67
      57
      56
      61
      56
      65
      63
      76
      64
      79
      81
      75
      87
      91
      92
     104
      92
      88
     104
     108
     135
     104
     105
     115
     120
     131
     112
     118
     115
     100
     109
      92
     111
     127
     120
     114
     111
     114
     112
     118
     104
     105
      74
      91
      81
      84
      74
      76
      74
      66
      77
      67
      63
      62
      71
      86
      81
      74
      96
     107
      71
     104
      91
      89
      90
      91
     113
      96
      84
      87
     103
      96
      70
      71
      76
      66
      77
      72
      68
      66
      66
      67
      71
      61
      55
      65
      68
      72
      68
      61
      54
      53
      79
      60
      64
      65
      59
      73
      81
      77
      62
      64
      69
      53
      70
      58
      74
      74
      65
      80
      53
      62
      81
      66
      67
      61
      75
      62
      70
      68
      66
      76
      56
      65
      76
      62
      66
      76
      72
      51
      61
      59
      55
      72
      70
      67
      80
      74
      75
      76
      80
      75
      75
      62
      74
      51
      56
      71
      69
      67
      80
      59
      59
      65
      73
      75
      76
      67
      65
      80
      64
      65
      78
      61
      64
      55
      72
      78
      63
      78
      62
      59
      64
      55
      69
      66
      66
      50
      68
      71
      62
      71
      51
      64
      76
      58
      64
      70
      66
      76
      55
      77
      52
      71
      64
      78
      83
      70
      70
      61
      64
      81
      65
      64
      57
      70
      72
      70
      52
      75
      52
      66
      47
      63
      70
      70
      76
      62
      74
      82
      70
      75
      91
      94
     142
     164
     220
     284
     340
     460
     591
     656
     905
     948
    1106
    1213
    1360
    1418
    1396
    1338
    1298
    1202
    1113
     912
     743
     616
     550
     427
     323
     241
     194
     180
     122
     115
      83
      78
      73
      74
      63
      67
      52
      62
      59
      61
      49
      65
      59
      47
      66
      56
      54
      70
      64
      78
      75
      72
      79
      76
      73
      68
      78
      72
      62
      53
      55
      55
      50
      64
      59
      64
      53
      52
      60
      66
      52
      55
      65
      64
      61
      61
      72
      61
      67
      58
      74
      64
      53
      54
      66
      60
      59
      56
      59
      66
      69
      73
      82
      68
      67
      59
      58
      70
      49
      65
      46
      58
      49
      65
      55
      58
      54
      53
      57
      49
      54
      48
      47
      59
      34
      55
      59
      53
      49
      40
      55
      49
      65
      52
      58
      53
      53
      63
      62
      51
      61
      51
      53
      56
      67
      65
      44
      50
      48
      47
      61
      47
      52
      54
      47
      45
      50
      60
      44
      52
      41
      65
      58
      67
      59
      48
      50
      45
      56
      53
      60
      58
      47
      66
      61
      70
      49
      53
      48
      40
      65
      48
      54
      58
      56
      69
      56
      66
      53
      46
      59
      51
      52
      54
      63
      49
      57
      50
      50
      43
      50
      53
      45
      60
      43
      41
      56
      70
      53
      53
      56
      54
      38
      54
      36
      48
      49
      60
      57
      56
      44
      65
      51
      41
      54
      57
      42
      61
      60
      47
      49
      43
      43
      55
      57
      49
      51
      40
      57
      51
      55
      48
      43
      59
      46
      55
      53
      57
      62
      50
      47
      46
      50
      48
      67
      54
      35
      58
      52
      52
      52
      62
      59
      46
      59
      62
      52
      68
      58
      64
      64
      57
      45
      56
      63
      63
      51
      34
      62
      55
      60
      48
      49
      56
      57
      61
      43
      56
      47
      45
      49
      57
      53
      46
      51
      57
      57
      45
      48
      45
      52
      58
      59
      47
      53
      44
      61
      45
      68
      49
      54
      67
      67
      62
      79
      70
      58
      60
      73
      73
      65
      59
      67
      56
      76
      62
      50
      57
      56
      54
      47
      56
      60
      65
      59
      65
      51
      60
      45
      63
      53
      61
      48
      50
      42
      62
      51
      53
      57
      57
      51
      48
      69
      61
      78
      65
      52
      60
      58
      40
      41
      49
      39
      43
      34
      42
      47
      41
      61
      46
      42
      53
      57
      48
      55
      52
      45
      64
      49
      63
      49
      47
      58
      63
      48
      56
      59
      69
      55
      50
      58
      47
      49
      46
      78
      59
      44
      56
      51
      46
      46
      47
      51
      59
      47
      54
      55
      48
      46
      42
      53
      54
      57
      42
      63
      50
      42
      45
      67
      48
      57
      42
      54
      54
      62
      45
      52
      61
      49
      45
      50
      47
      42
      52
      55
      46
      56
      56
      46
      42
      55
      44
      49
      47
      44
      62
      47
      44
      47
      57
      54
      44
      44
      40
      50
      51
      42
      59
      46
      52
      47
      48
      49
      43
      54
      60
      46
      46
      58
      59
      47
      52
      63
      56
      66
      71
      53
      69
      80
      73
      86
      79
     103
     130
     145
     184
     241
     302
     363
     499
     599
     801
     973
    1150
    1342
    1539
    1733
    1920
    1969
    2051
    2147
    1990
    1976
    1797
    1610
    1494
    1250
    1009
     867
     688
     546
     401
     311
     239
     184
     129
      96
      78
      81
      70
      58
      50
      44
      48
      39
      48
      41
      52
      42
      45
      33
      36
      52
      42
      42
      48
      44
      34
      56
      45
      40
      54
      36
      42
      34
      38
      45
      39
      52
      40
      29
      60
      56
      41
      45
      45
      34
      44
      43
      29
      43
      42
      34
      43
      45
      49
      40
      47
      34
      37
      29
      54
      43
      43
      45
      57
      38
      54
      36
      50
      35
      39
      41
      41
      41
      35
      39
      41
      35
      40
      34
      39
      41
      45
      40
      38
      48
      55
      47
      41
      49
      47
      43
      31
      45
      39
      42
      51
      59
      36
      49
      37
      44
      33
      39
      41
      43
      40
      47
      43
      41
      45
      42
      66
      39
      33
      39
      34
      35
      46
      42
      47
      38
      47
      33
      35
      42
      34
      40
      31
      40
      37
      47
      43
      37
      34
      35
      38
      45
      43
      33
      40
      54
      40
      63
      31
      39
      44
      42
      30
      35
      39
      42
      47
      41
      45
      41
      43
      47
      53
      35
      41
      44
      31
      45
      41
      37
      34
      41
      46
      47
      48
      39
      42
      49
      49
      40
      53
      34
      36
      48
      45
      37
      32
      46
      38
      50
      49
      34
      45
      48
      40
      36
      40
      40
      47
      46
      31
      40
      43
      37
      38
      45
      27
      47
      58
      54
      38
      44
      55
      45
      46
      44
      30
      36
      49
      46
      40
      40
      51
      50
      46
      48
      33
      29
      44
      44
      47
      57
      58
      45
      46
      43
      40
      46
      37
      40
      33
      53
      36
      36
      44
      41
      45
      49
      46
      43
      46
      37
      49
      37
      45
      40
      42
      52
      34
      44
      55
      54
      41
      41
      54
      26
      42
      46
      43
      39
      41
      44
      32
      47
      43
      55
      47
      47
      51
      45
      61
      58
      52
      71
      63
      63
      66
      61
      47
      55
      56
      61
      53
      47
      70
      42
      41
      56
      64
      64
      74
      54
      59
      63
      57
      52
      69
      70
      66
      55
      60
      47
      54
      38
      53
      63
      51
      47
      48
      51
      44
      50
      58
      45
      53
      44
      45
      36
      45
      35
      46
      34
      53
      45
      49
      50
      43
      50
      43
      37
      41
      33
      43
      41
      48
      39
      50
      46
      40
      42
      39
      38
      57
      45
      41
      34
      51
      37
      56
      36
      38
      49
      41
      51
      52
      41
      37
      47
      43
      53
      47
      45
      48
      34
      33
      35
      45
      38
      43
      33
      47
      49
      42
      57
      52
      51
      43
      35
      32
      42
      46
      53
      35
      41
      56
      35
      45
      39
      47
      39
      50
      54
      45
      57
      56
      58
      56
      49
      52
      54
      55
      59
      52
      51
      48
      48
      67
      53
      57
      44
      50
      43
      48
      54
      45
      44
      39
      39
      47
      49
      57
      47
      46
      62
      41
      54
      48
      42
      62
      64
      66
      59
      55
      56
      52
      48
      60
      54
      43
      54
      46
      51
      53
      45
      47
      41
      43
      55
      49
      42
      45
      49
      59
      45
      51
      37
      49
      56
      47
      43
      43
      35
      56
      37
      50
      43
      46
      47
      34
      37
      49
      57
      45
      49
      59
      44
      58
      38
      43
      45
      35
      45
      43
      36
      42
      50
      52
      38
      43
      40
      44
      55
      42
      41
      46
      50
      48
      50
      41
      46
      50
      48
      52
      55
      32
      40
      44
      41
      35
      36
      57
      36
      44
      52
      32
      45
      45
      50
      58
      52
      48
      42
      36
      43
      38
      38
      47
      50
      37
      39
      51
      34
      35
      40
      42
      49
      47
      37
      33
      47
      47
      57
      56
      33
      52
      46
      50
      46
      43
      47
      55
      47
      43
      38
      45
      45
      42
      41
      41
      46
      41
      47
      46
      50
      38
      31
      46
      42
      53
      50
      63
      37
      48
      49
      45
      37
      46
      44
      55
      46
      38
      41
      45
      35
      51
      60
      48
      50
      49
      41
      40
      50
      43
      37
      49
      52
      36
      45
      55
      40
      42
      44
      57
      61
      43
      42
      45
      47
      41
      68
      38
      47
      47
      58
      47
      49
      42
      47
      39
      44
      42
      39
      55
      53
      41
      46
      43
      44
      42
      45
      41
      30
      40
      51
      42
      31
      34
      45
      55
      42
      38
      44
      44
      37
      30
      43
      27
      44
      38
      36
      39
      46
      38
      38
      40
      31
      33
      41
      42
      35
      38
      34
      31
      31
      38
      32
      36
      43
      39
      39
      26
      28
      29
      32
      27
      46
      33
      44
      33
      37
      35
      32
      27
      42
      31
      37
      32
      29
      30
      31
      22
      38
      38
      37
      26
      32
      30
      28
      38
      43
      29
      34
      48
      24
      44
      26
      35
      35
      27
      29
      31
      32
      29
      36
      29
      27
      28
      35
      35
      35
      34
      31
      38
      28
      35
      43
      32
      38
      30
      31
      33
      34
      35
      24
      34
      33
      21
      43
      34
      26
      26
      21
      29
      32
      29
      28
      35
      21
      24
      35
      40
      38
      24
      26
      28
      32
      26
      28
      29
      35
      34
      32
      34
      32
      43
      30
      32
      31
      29
      29
      25
      24
      33
      29
      29
      24
      29
      34
      18
      23
      30
      20
      29
      41
      26
      32
      34
      45
      28
      25
      31
      30
      23
      29
      30
      27
      19
      38
      34
      37
      38
      36
      30
      34
      29
      34
      25
      28
      28
      39
      23
      28
      38
      23
      23
      39
      24
      25
      27
      33
      22
      27
      24
      34
      35
      28
      32
      23
      26
      37
      34
      30
      28
      21
      36
      27
      37
      34
      33
      26
      28
      26
      34
      39
      35
      54
      47
      32
      41
      36
      32
      40
      38
      36
      41
      39
      43
      36
      34
      33
      32
      34
      27
      24
      21
      26
      22
      22
      24
      32
      32
      32
      22
      30
      24
      32
      28
      20
      27
      36
      26
      24
      25
      24
      30
      28
      32
      30
      28
      41
      18
      24
      31
      29
      34
      27
      28
      36
      42
      21
      29
      23
      29
      37
      37
      29
      33
      32
      38
      31
      29
      37
      29
      29
      21
      24
      27
      30
      33
      27
      29
      27
      32
      26
      30
      26
      28
      28
      28
      34
      33
      28
      25
      32
      31
      22
      24
      35
      32
      31
      34
      26
      28
      32
      31
      35
      28
      28
      22
      33
      28
      23
      26
      29
      30
      32
      20
      32
      35
      30
      19
      27
      29
      31
      29
      29
      35
      30
      31
      31
      24
      30
      30
      25
      38
      31
      27
      26
      35
      31
      23
      29
      32
      27
      25
      37
      21
      30
      24
      30
      25
      40
      26
      19
      25
      33
      27
      24
      16
      22
      21
      28
      39
      26
      33
      25
      39
      26
      24
      27
      32
      19
      22
      30
      33
      24
      31
      40
      29
      24
      27
      20
      21
      28
      29
      20
      29
      17
      25
      21
      26
      30
      30
      24
      20
      22
      27
      29
      26
      30
      32
      17
      28
      25
      23
      27
      16
      29
      30
      32
      29
      35
      29
      35
      34
      43
      40
      29
      38
      29
      37
      42
      45
      26
      31
      31
      25
      28
      27
      36
      39
      24
      32
      21
      24
      31
      23
      20
      22
      16
      28
      25
      18
      25
      24
      19
      23
      16
      19
      30
      26
      23
      22
      25
      28
      22
      27
      21
      28
      23
      26
      24
      17
      29
      24
      26
      20
      37
      39
      26
      34
      24
      37
      25
      23
      31
      29
      56
      42
      28
      32
      27
      20
      42
      35
      34
      40
      26
      33
      29
      28
      24
      28
      21
      22
      27
      16
      20
      25
      20
      16
      31
      23
      18
      23
      17
      31
      21
      27
      16
      27
      22
      16
      26
      27
      30
      26
      17
      28
      14
      26
      23
      19
      24
      21
      26
      13
      17
      24
      22
      22
      17
      25
      17
      18
      27
      22
      30
      30
      27
      28
      17
      36
      29
      26
      20
      27
      20
      30
      25
      19
      17
      23
      20
      20
      26
      21
      25
      23
      27
      22
      35
      21
      29
      15
      21
      22
      22
      20
      22
      23
      27
      13
      20
      25
      19
      26
      21
      28
      23
      16
      25
      19
      29
      16
      10
      28
      23
      22
      30
      22
      27
      26
      24
      21
      21
      13
      25
      17
      24
      18
      25
      15
      14
      34
      26
      20
      19
      35
      20
      26
      16
      17
      17
      15
      22
      22
      22
      18
      21
      30
      16
      24
      22
      27
      25
      19
      18
      21
      23
      23
      18
      27
      20
      20
      19
      12
      18
      19
      19
      20
      18
      24
      17
      26
      22
      27
      28
      27
      19
      26
      17
      28
      22
      27
      13
      22
      27
      17
      18
      31
      28
      27
      30
      27
      28
      25
      20
      36
      25
      24
      27
      25
      21
      19
      26
      23
      28
      31
      33
      29
      23
      28
      37
      25
      29
      21
      18
      25
      16
      24
      30
      22
      16
      32
      18
      19
      19
      21
      24
      16
      30
      19
      14
      16
      18
      22
      14
      18
      26
      20
      22
      24
      14
      24
      28
      22
      23
      23
      20
      22
      22
      24
      21
      18
      27
      19
      16
      18
      15
      17
      19
      21
      16
      16
      24
      24
      12
      21
      10
      18
      26
      29
      20
      19
      15
      22
      18
      20
      23
      23
      31
      14
      13
      19
      15
      16
      24
      24
      23
      15
      22
      23
      16
      23
      17
      14
      27
      19
      17
      34
      31
      32
      26
      18
      19
      16
      23
      18
      19
      18
      21
      17
      21
      15
      15
      14
      15
      18
      27
      13
      16
      14
      18
      22
      23
      17
      24
      22
      20
      15
      16
      21
      22
      20
      15
      24
      18
      15
      23
      21
      26
      19
      19
      20
      13
      17
      16
      18
      24
      24
      16
      19
      16
      21
      19
      23
      23
      24
      14
      24
      13
      20
      21
      20
      22
      12
      21
      18
      21
      20
      22
      22
      22
      20
      14
      29
      15
      18
      15
      13
      28
      24
      21
      21
      22
      26
      18
      17
      37
      18
      20
      22
      24
      25
      15
      25
      27
      25
      28
      30
      30
      26
      12
      27
      16
      23
      21
      22
      22
      25
      25
      20
      14
      14
      18
      16
      18
      21
      22
      22
      17
      21
      16
      19
      14
      18
      24
      18
      19
      16
      21
      28
      15
      16
      16
      16
      20
      17
      20
      20
      16
      24
      14
      14
      21
      18
      16
      20
      21
      13
      15
      20
      22
      23
      19
      21
      18
      19
      18
      25
      22
      28
      17
      21
      22
      18
      20
      19
      24
      21
      23
      25
      22
      29
      25
      22
      29
      27
      28
      18
      22
      23
      27
      27
      22
      16
      19
      22
      25
      21
      24
      22
      19
      23
      20
      22
      18
      19
      20
      24
      16
      12
      24
      27
      19
      31
      17
      16
      26
      16
      23
      13
      22
      17
      22
      22
      21
      15
      21
      18
      21
      20
      21
      21
      23
      23
      15
      19
      20
      15
      18
      18
      19
      17
      22
      20
      16
      20
      17
      14
      20
      19
      21
      20
      26
      23
      18
      19
      23
      18
      24
      23
      13
      24
      20
      24
      24
      15
      18
      15
      27
      18
      16
      16
      22
      17
      17
      19
      22
      24
      18
      24
      22
      17
      14
      20
      18
      13
      11
      15
      15
      15
      26
      19
      21
      13
      13
      19
      19
      15
      26
      17
      18
      14
      11
      16
      30
      23
      20
      17
      16
      17
      18
      20
      24
      24
      21
      11
      18
      19
      22
      14
      24
      13
      11
      19
      21
      22
      14
      20
      18
      18
      18
      17
      20
      10
      21
      23
      23
      26
      19
      19
      27
      15
      23
      23
      20
      23
      23
      17
      21
      25
      23
      18
      22
      19
      16
      26
      21
      24
      19
      20
      15
      10
      19
      29
      23
      32
      20
      23
      27
      18
      20
      22
      17
      17
      20
      16
      21
      19
      12
      19
      18
      17
      25
      12
      15
      16
      11
      23
      13
      18
      18
      12
      29
      17
      14
      16
      17
      20
      26
      16
      20
      20
      15
      11
      21
      18
      22
      19
      17
      21
      18
      19
      20
      21
      21
      26
      22
      13
      19
      18
      20
      18
      19
      24
      21
      15
      21
      21
      16
      18
      19
      22
      15
      15
      18
      20
      21
      24
      19
      20
      27
      19
      18
      20
      14
      22
      17
      18
      25
      13
      25
      21
      24
      16
      14
      15
      21
      13
      20
      21
      32
      15
      18
      15
      13
       8
      22
      12
      21
      16
      12
      22
      26
      15
      13
      22
      19
      13
      15
      23
      18
      24
      29
      21
      27
      19
      21
      31
      21
      20
      16
      22
      31
      28
      21
      33
      36
      18
      21
      33
      15
      30
      28
      25
      25
      15
      20
      21
      22
      22
      28
      13
      19
      19
      13
      17
      17
      23
      15
      13
      24
      11
      17
      16
      20
      15
       9
      15
      18
      24
      19
      17
      23
      14
      26
      15
      12
      16
      17
      14
      11
      23
      13
      22
      11
      20
      13
       9
      23
      18
      16
       8
      14
      26
      17
      20
      29
      22
      20
      15
      20
      20
       9
      17
      14
      21
      15
      16
      13
      15
      14
      24
      12
      15
      15
      13
      20
      13
      11
      19
      16
      18
      24
      12
      15
      18
      22
      20
      17
      14
      19
      13
      15
      16
      19
      11
      12
      14
      14
      21
      10
      21
      14
      21
      15
      21
      12
      14
      15
      17
      15
      17
      23
      18
      21
      18
      23
      12
      15
      12
      16
      14
      15
      18
      27
      18
      16
      16
      18
      20
      22
      19
      15
      20
      19
      26
      16
      16
      25
      11
      16
      13
      22
      18
      17
      20
      16
      14
      17
      14
      22
      19
      13
      11
      17
      14
      16
      16
      17
      13
      17
      20
      15
      17
      22
      18
      20
      14
      27
      15
      17
      17
      19
      27
      23
      18
      25
      18
      21
      21
      15
      15
      17
       8
      21
      18
      17
      21
       9
      12
      14
      15
      22
      20
      17
      20
      16
      22
      20
      18
      16
      16
      24
      19
      24
      18
      25
      31
      25
      30
      23
      16
      43
      21
      42
      45
      45
      54
      52
      67
      72
      92
     110
     118
     143
     193
     232
     293
     313
     408
     413
     543
     611
     697
     778
     841
     882
     984
    1027
    1036
     994
    1024
     958
     913
     892
     881
     718
     663
     668
     559
     457
     391
     330
     251
     200
     181
     121
      90
      82
      68
      41
      42
      34
      20
      22
      22
      19
      16
      19
      16
      13
      18
      12
      15
      16
      20
      13
      10
      17
      12
      10
      17
      11
       9
      13
      17
       9
      14
      19
      14
      11
      13
      15
      17
      14
      17
      18
      19
      21
      23
      21
      17
      14
      17
      12
      20
      16
      20
      11
      16
      19
      16
      20
      17
      16
      15
       9
       8
      12
       8
      14
      14
      12
      13
      13
      15
      12
      15
      14
      16
       9
      12
      16
      12
      14
      12
      18
      15
      10
      21
      17
      18
      12
      17
      13
      18
      14
      13
      15
      15
      12
      15
      11
      16
      13
      13
      17
      15
      14
      14
      12
      19
      14
      16
      11
      21
      13
      10
      11
      12
      12
      13
      14
      16
      20
      16
      14
      14
       7
      10
      17
      10
      13
      17
      15
      12
      16
      14
      13
      17
      19
      12
      11
      10
       8
      12
      10
      15
      14
      14
       9
      28
      24
      13
      17
      13
      13
      15
       8
      17
      18
      12
      19
      13
      13
      18
      16
      16
      18
      22
      14
      16
      13
      13
      11
      12
      13
      10
      18
      16
      18
       9
      19
      10
      19
      15
      15
      14
      10
       8
       8
      16
      10
      15
      12
      11
      13
       9
      16
      16
      17
      14
      16
      18
      12
      15
       6
      18
      10
      14
      16
      13
      16
      15
      13
      15
      16
      11
      16
       8
      13
      11
      15
      20
      10
      14
      14
      15
      15
      11
       9
      18
      15
      16
      16
      14
      16
      12
       6
      12
      14
      11
      12
      17
      15
      19
      14
      19
      12
      17
      12
      18
       8
      12
      16
      12
      13
      19
      12
      12
      15
       9
      10
      11
      14
       7
      14
      13
      14
      12
      16
      10
      19
      11
      14
      14
      16
      13
       8
       8
      15
       9
      10
      10
      18
      16
      11
      14
      15
      12
      16
      16
      14
      10
      14
       9
       9
      14
      12
       9
       9
      11
      18
       8
       8
      21
       6
       9
      12
      13
      26
      13
      12
      20
      12
      15
      12
       9
      10
      14
      12
      11
      14
       8
      13
      22
      17
      20
      12
      14
      14
      21
      14
      16
      14
      14
      15
      13
      11
      13
      13
      16
      13
      11
      12
      14
      10
       5
      18
      18
      15
      14
       9
      13
       8
      16
      17
      16
      13
      16
      10
       8
      12
      13
       9
      14
      16
      13
      13
      18
      18
      14
      10
      17
      11
      10
       9
       7
      12
      17
       8
      10
      17
       8
      16
      13
      13
      16
      13
      13
      17
      17
      13
      18
      17
       9
      10
       7
      11
      17
      10
      11
      16
      15
       9
      17
      17
      21
      15
      16
      13
       8
       7
      14
      13
      13
      15
      12
      14
      13
      12
      12
      13
      10
      13
      16
      15
      16
      13
      16
       6
      15
       9
       5
      13
      11
      10
       8
      17
      22
      19
      23
      15
      13
      13
      15
      21
      16
      13
      27
      22
      28
      26
      34
      31
      38
      51
      39
      37
      32
      34
      42
      33
      39
      48
      37
      38
      29
      30
      27
      28
      25
      34
      23
      14
      20
      20
      13
       9
      18
      13
      16
      11
      18
       5
      16
      19
       5
      11
      15
      21
       8
      14
      18
      12
       6
      14
      11
      13
      14
      15
      12
      14
      21
      15
      13
      13
      11
      11
      12
      14
       8
      13
      15
       9
      12
      19
       9
      14
      13
      15
      17
      14
      14
      12
      20
      20
      15
      15
       9
      16
       9
       7
      16
       6
      16
      16
      11
      16
      12
      14
      11
      12
      10
       9
      10
      16
      10
      10
      17
      11
      17
      18
      17
       8
      13
      18
      11
      13
      16
      20
      16
       7
      13
      10
      16
      12
       7
       7
       9
      15
      13
      11
      13
      10
      10
      14
      12
      11
      16
      12
      14
      11
       7
      14
      14
      13
      22
      10
      12
      13
      13
      13
      17
      13
       8
      19
      13
      12
      11
       8
      10
      22
      22
      11
      13
      12
      11
      20
      18
      14
      12
       8
      14
      17
      15
      20
      15
      17
      16
      11
      12
      13
      19
       5
      15
      16
      12
       8
      13
      14
      12
      20
       8
      12
      13
      19
       9
      14
      15
      11
      11
      10
       9
      20
      14
      15
      12
      15
      14
      11
      12
      17
      12
      10
      13
      14
      20
      16
      13
      18
      16
       6
      14
      16
      12
      11
      11
      10
      12
      11
      12
      11
      15
      11
      10
       8
      12
      12
      14
      15
      12
      10
      12
      14
      14
      11
      10
      15
       7
      13
      12
      12
      14
      15
       7
       6
      15
      13
      19
       7
      14
      18
       6
       5
       4
      16
      10
      14
      10
       5
      12
      15
      14
       9
       4
      13
       9
      23
      14
      14
      16
      20
       7
      14
      23
      12
      18
      15
      19
      11
      15
      17
      15
      12
       5
      14
      21
      11
      17
      11
       9
      17
      12
      14
      12
      16
      16
      15
       9
       8
      15
      14
      14
       9
      13
      14
      14
      18
      14
      19
       9
      14
      15
      16
      13
      24
      13
      15
      20
      12
      19
      21
      20
      21
      13
      24
      16
      17
      20
      14
      24
      19
      21
      20
      20
      14
      14
      19
      17
      18
      13
      13
      10
      17
      13
      17
      13
      11
      10
      16
      14
       8
       7
      22
      19
      20
       8
       8
      17
       9
      12
      11
      13
      15
       9
      11
      11
      10
      23
      13
      15
      14
      14
      14
      17
      12
      14
      11
      10
      16
      17
       9
      19
      11
      10
      12
      12
      15
      13
      15
      12
      18
       9
      14
       7
      12
      17
      16
      10
      13
      11
      11
      10
      14
      14
      13
       9
      15
       7
      12
      10
      12
      12
      16
      15
      12
       9
       6
      14
       9
      11
      14
      15
      13
      12
       8
       8
      14
      10
      10
      13
      14
      16
      12
      13
      14
      12
      10
      24
      19
      12
      15
      14
      12
      11
      12
      14
      18
       8
      10
      14
      13
      20
      13
      20
      14
      18
      21
      20
      15
      16
      18
      12
      15
      11
      15
      19
      22
      17
      21
      23
      16
      23
      23
      21
      22
      17
      11
      25
      11
      14
      11
      19
      15
      11
      13
      16
      14
      13
      14
      17
      13
       8
      11
       7
      19
      14
      15
      11
      12
      10
       3
      10
      18
      11
       8
      12
      17
      13
      17
      10
      11
      13
      20
      16
      16
      13
      17
       4
      12
      13
       9
      16
      17
      17
       9
       8
      10
      13
       9
       8
      10
      11
       9
      16
      19
       8
       9
      14
       7
      23
       6
      12
      14
      13
      11
      18
      10
       5
       7
       8
      14
      13
      11
       9
      15
       6
      12
      16
      15
      10
      11
       9
      12
      10
      10
      17
       6
      16
      19
       9
      10
      10
      20
      14
      18
      11
      11
      15
      21
      11
      13
      17
      17
      13
      12
      11
      16
      11
      12
      13
       6
      12
       8
       6
      14
       8
       9
      10
       9
      14
      13
      12
      15
      15
      10
      12
      14
       9
       9
      13
      10
      11
       7
      14
       9
       9
       6
      21
      18
      18
       9
      10
      11
      13
       5
       9
       6
      14
      13
      10
      20
      11
       9
      12
       6
      26
      14
       9
      17
      16
      14
      15
      15
      20
      19
      17
      15
      16
      16
      15
      18
      21
      15
      18
      23
      30
      19
      22
      23
      15
      18
      15
      19
      21
      13
      19
      18
      14
      23
      10
      16
      15
       9
      10
      21
      15
       7
      13
      13
      21
      14
      17
      11
      10
      13
       9
       7
      12
       9
      12
       9
       6
      18
      10
      15
      13
      13
      15
       6
      18
      12
      18
      14
       6
      16
      12
       9
      14
      13
       9
      12
      10
      13
      17
       6
      14
      14
      11
       7
      11
      16
      17
      16
      16
      17
       9
      11
      14
      12
      11
      13
       8
       9
      14
      11
      14
      23
      14
      17
      19
      11
      10
      15
      16
      19
      13
      13
      13
      14
      14
      11
      13
      13
       7
      14
      10
      17
      23
      12
       4
      14
      10
      10
       9
      10
       9
      13
       7
       8
      14
      12
      15
       9
       8
      15
      13
      16
      19
      15
      11
      10
      17
      14
      14
      15
       7
      18
      10
       7
       9
      14
      15
      12
      10
      11
       6
      12
      18
      16
      15
      17
      15
       8
      13
      11
       9
      13
      11
      15
      10
      12
      12
      11
      11
      20
      10
      12
       7
      11
       9
      15
      17
      12
       9
      10
      14
      14
       5
      10
      11
      16
      10
      14
      14
      13
      16
      11
      12
      17
      10
      15
      21
      18
      21
      26
      18
       9
      15
      25
      28
      23
      20
      24
      28
      31
      32
      39
      31
      32
      47
      45
      51
      38
      62
      70
      53
      69
      67
      73
      83
      79
      67
      88
      79
      85
      69
      96
      64
      77
      79
      62
      62
      64
      52
      47
      32
      35
      39
      25
      28
      22
      22
      17
      16
      17
      20
      15
      11
      17
      15
      11
      11
       9
       7
      14
      15
      10
      16
       8
      13
       5
      17
       9
      11
      16
      11
       6
      13
      11
       9
      11
       6
      13
      14
      10
       5
       9
      12
      11
       6
       9
      13
      15
       9
      11
      12
      16
      11
       9
      11
      13
      15
      16
      12
      12
      13
      14
      19
      11
      12
      11
      12
      10
       7
      10
      11
      11
      16
      11
       9
      10
      10
      12
       8
       7
       6
       9
       8
      11
      12
      16
       6
      10
      17
      13
      11
      10
      10
      12
      19
       8
       8
       7
      12
      12
      15
      11
      11
       8
      19
      13
      17
      16
      10
      12
       9
       7
      15
      15
      23
      12
      20
      15
      12
      17
      17
      18
      16
      24
      24
      14
      22
       9
      30
      29
      29
      20
      23
      28
      32
      36
      26
      35
      30
      24
      31
      26
      27
      25
      27
      27
      18
      25
      18
      18
      15
      20
      11
      16
      15
      14
      17
      16
      17
      10
      13
      18
      16
      11
      12
      16
       6
      11
      12
      14
       8
      11
       8
       8
      11
      11
      12
      10
      17
      17
      16
       7
      14
      12
      11
      13
      10
      13
      24
      16
      16
      13
      17
       9
       9
      12
      12
       8
      18
      10
       9
      10
       6
      13
      11
      10
      11
      15
      14
      11
      18
      15
       9
      14
      18
      14
      13
      10
      15
      16
      11
      10
      14
      11
      16
       8
      14
      11
      10
       8
       9
       9
      17
      10
       8
      15
      12
      17
       8
      12
       4
      16
      11
      12
      13
       8
      11
      17
      11
       9
      11
      12
      20
      11
      10
      12
       6
      13
      15
      11
      12
      10
      16
       9
      13
      11
      16
       9
      13
       7
      11
      10
      15
      11
      17
      10
      16
       9
       8
      13
      10
      12
      15
       9
      12
      14
      13
      19
      20
      21
      16
      17
      20
      22
      31
      18
      33
      27
      32
      30
      29
      23
      26
      27
      29
      28
      33
      20
      37
      32
      24
      25
      23
      23
      19
      27
      26
      19
      23
      11
      28
      14
      16
      17
      11
      15
       9
       7
       9
       4
       8
      16
       7
      13
      18
      15
      12
      16
      12
       9
      17
       9
      12
      10
      10
      10
      13
      16
      11
      20
      15
       7
      10
      15
      13
       6
      12
       6
      13
       9
      11
      11
       9
       9
      18
      15
      19
      14
      15
      12
      16
      14
       8
      17
      11
      11
      17
      22
      11
      16
      12
       9
      15
      14
      18
      14
      10
      21
      10
      11
      13
      12
      10
      15
      13
       8
      11
      13
       5
      18
      13
      17
      11
      17
      16
      16
      10
       9
      11
       6
       8
      14
      15
      11
      16
      10
      11
      15
       7
      15
      11
      18
      17
      13
      10
      15
       8
      12
      18
      21
      16
      12
      11
      12
      21
      15
      17
      14
      14
      12
       8
      16
      16
      16
      15
      13
       8
      17
      13
       8
      15
      11
      11
      11
      16
      10
      10
      18
      16
      12
      18
      13
       9
      17
      14
      10
      19
       8
      20
      16
      17
      11
      16
      18
       7
      13
      13
      12
       9
      10
      17
      10
       9
      13
      22
      15
      10
      15
      13
       4
      10
      13
      12
      16
      16
      14
      16
       9
      12
      13
      14
      17
      14
      11
      11
      11
      10
      13
       9
      17
      14
      17
      12
      12
      14
      17
      16
      16
      11
      14
      15
      18
      18
      18
      14
      18
      19
      12
      17
      12
      16
      17
      15
      10
      12
      12
      14
      18
      14
      11
       8
      10
       8
      11
      13
       8
      20
      10
      14
      10
      13
       9
       9
      17
      10
      13
      10
      13
      14
      13
      14
       8
       8
      16
      11
      16
      12
      16
      12
      14
      12
      19
      18
      24
      21
      29
      26
      15
      21
      19
      20
      29
      19
      22
      22
      17
      15
      29
      23
      23
      19
      20
      17
      20
      13
      19
      11
      11
      12
      11
      10
      13
      17
      13
       8
       5
      16
      12
      13
      16
      12
      12
      10
      11
      12
      13
      14
      13
      14
      10
      16
       8
      11
      13
      11
      10
      11
      10
       7
      13
      11
      16
      15
      10
       6
      14
      13
      16
      17
      13
      15
      14
      11
       7
       4
      13
      11
      11
      11
      12
       7
      11
      11
      15
      21
      10
      11
      12
      11
      13
      14
      11
      12
      12
      21
      15
      15
       7
      16
      13
      13
       8
       9
      11
      13
      16
      13
      14
      15
      15
      14
       9
       8
      18
      12
      15
       8
       7
      18
       9
      19
      12
      17
      10
      12
      10
      14
       9
      12
      11
      10
      13
      11
      13
      26
      11
       9
      12
      10
       7
      20
      14
      14
       7
      13
       9
      12
      17
      15
      13
      10
      10
      14
      15
      10
      15
      11
       7
      11
       8
      13
       6
      14
      11
      18
      11
       9
      12
       9
      15
       8
      15
      16
       9
       9
      10
       9
      12
      13
      19
      13
      15
       6
       7
       9
      11
      16
      16
      12
      15
       8
      18
      12
       9
      15
      10
      12
      11
      11
       7
      19
      12
      13
      16
      11
      11
      16
      17
      15
       7
      20
       9
      15
      11
      15
      15
      20
      19
      19
      18
      17
      14
      14
      13
      10
      17
       9
      12
      14
      10
      10
      12
      11
      14
      10
      10
      15
      13
      14
      10
      16
      17
       8
      12
      14
      15
      12
      13
      13
      10
      16
       9
      12
      12
      14
      10
      17
      11
      18
      12
       9
      12
      17
      13
      15
      11
      13
      11
      16
      11
      15
      15
      16
      11
      16
      12
      13
       9
      12
      13
       7
      11
      12
       9
       7
       9
       8
       9
      17
      17
      16
      11
      12
       8
      14
      14
      11
      21
      17
      14
      10
      13
      15
      18
      13
      10
       6
      14
      20
      14
      10
      13
       7
       9
       9
      14
      11
      12
      14
      15
      11
       6
      11
      13
      14
      15
      15
       6
       9
      12
       8
      11
      18
       9
      12
      22
      18
      11
      10
      10
      14
      17
      11
       8
      13
      17
      18
      11
      11
      19
      13
      15
      11
       7
      14
      15
      13
       6
      16
      16
      13
      15
      16
      18
       8
      10
      12
      12
      10
       7
       9
      15
      14
      18
      12
       9
      11
      17
      15
       9
      14
       8
      10
      15
      17
      16
      13
       8
      13
      17
      11
      14
       8
      12
      16
      13
      13
      14
      15
      13
      19
       6
      14
      12
      11
      15
      15
      23
      15
      18
      13
       5
      15
      11
      11
      10
      19
       9
      11
      18
      20
      14
       6
      18
      16
      13
      14
      11
       9
      15
       7
      15
       7
      17
      12
      12
      19
      11
      12
       9
      13
      11
      11
      16
      26
      17
       9
      15
      22
      12
      17
      13
      15
      14
      14
      24
      18
       6
       8
      13
      13
      14
      18
      15
      19
      12
      12
      11
      20
      11
      11
      15
      11
       8
       7
      17
      11
      16
      11
       3
      10
      19
      17
      10
       7
      12
      14
      19
      10
       9
       9
      11
      18
       8
      13
      18
      19
      14
       6
      14
      13
      10
      20
      10
       8
       7
      11
      16
      14
      21
      14
      20
      15
      11
      13
      17
      14
      19
      10
       9
       9
      21
      13
      12
      13
      22
      13
      10
      12
      16
      14
      12
      19
      14
      11
      18
      17
      13
      17
      16
      11
      10
      21
      11
      18
      10
       9
      19
      20
      19
      14
      21
      19
       6
      12
      14
      12
      21
      18
      15
      11
       9
      11
      18
      12
      14
      14
      13
      12
      17
      10
       9
      14
      17
      12
      15
      13
      18
      16
       6
       7
      12
      16
      12
       6
      20
       8
      10
      11
      14
       8
      10
      18
      11
       4
      13
      11
      11
      13
       7
      12
      18
      17
      14
      13
      11
      18
      12
      12
      15
      11
      10
      10
      13
       9
      18
      11
       8
      15
       9
      15
      16
      20
       7
      11
      12
      10
      11
      13
      14
       9
      17
      18
       9
      15
       8
       9
       9
      15
      12
      10
      20
      13
      15
       7
       6
      10
       8
       8
      10
      11
       6
      18
       7
      11
      11
      15
      12
      11
      11
      17
      11
      10
      12
       9
      12
       9
      13
       8
      10
       8
       7
       9
       9
      15
      17
      14
       7
      12
      10
       9
       8
       8
      14
      14
       9
      11
      13
      10
      12
      13
      10
      11
      12
       9
      10
      18
       8
       6
      10
       6
       7
      15
       9
      16
       4
       9
      13
      13
      12
       7
       8
       6
       7
       7
      10
      11
       9
      11
       5
      15
       8
      11
      10
       8
       9
      11
      12
      14
       9
      12
      10
      10
      12
       8
       9
      14
      12
      11
      16
       9
      13
       4
       8
      17
      13
      19
       9
      14
       7
      11
      10
      10
       8
      10
      11
      17
      11
      10
       9
      12
      10
      13
      11
      14
      10
      12
       9
      13
       8
      10
      10
      10
       8
      10
       9
      20
      22
      12
      16
      21
      11
       7
       9
      11
       8
      18
      17
      16
      11
      14
       8
      25
      25
      19
      27
      28
      19
      30
      24
      36
      37
      36
      45
      39
      38
      40
      46
      38
      41
      43
      48
      39
      39
      38
      43
      45
      34
      27
      36
      26
      20
      30
      26
      18
      17
      17
      16
      16
      14
      14
       8
      11
      13
       7
      13
       4
      13
      14
      12
      10
      17
       9
      10
      15
      12
      17
       8
      13
      14
      14
      11
      11
       4
      13
       9
       7
      14
      10
      16
       9
      14
      12
       9
      15
      15
      11
      18
      10
      13
       9
      11
      14
       9
       7
      15
      13
      12
      10
      12
       7
      10
       8
      15
      13
      12
      10
      11
      11
      13
      13
      12
      12
       9
      12
       8
       8
       9
       9
      11
      11
      12
      11
      12
      10
       9
      14
      10
       9
       6
       8
      12
       9
      18
      13
      10
       8
      13
       8
       7
      11
       7
      11
      14
       9
      11
       6
      11
       5
       9
      13
       8
      10
      10
      13
      15
       7
      10
      14
      13
      16
       9
      15
       6
      13
      11
       8
       9
       9
       8
      13
       7
       6
      12
      10
       9
       9
      12
       9
      11
       8
       4
       6
       8
      10
      13
      12
       7
     124
     223
     242
     230
     229
     228
     230
     237
     229
     221
     255
     259
     240
     222
     228
     212
     229
     229
     219
     233
     213
     227
     237
     230
     231
     213
     215
     224
     217
     247
     234
     256
     228
     240
     230
     231
     216
     225
     220
     239
     247
     229
     227
     209
     209
     252
     238
     228
     231
     229
     201
     228
     210
     249
     248
     207
     227
     226
     207
     217
     225
     217
     215
     261
     220
     187
     248
     222
     221
     239
     209
     207
     220
     231
     220
     246
     241
     209
     217
     216
     243
     221
     213
     246
     232
     230
     250
     233
     211
     213
     221
     215
     245
     236
     209
     242
     188
     208
     210
     228
     223
     196
     209
     242
     248
     236
     221
     211
     243
     225
     187
     209
     210
     232
     255
     220
     213
     219
     233
     211
     204
     204
     216
     213
     231
     230
     253
     225
     209
     200
     196
     218
     219
     241
     219
     229
     203
     194
     223
     223
     248
     196
     204
     205
     217
     221
     208
     199
     206
     202
     224
     203
     190
     219
     221
     212
     225
     200
     216
     215
     213
     197
     212
     219
     203
     214
     206
     216
     216
     198
     210
     206
     188
     210
     209
     179
     194
     221
     226
     228
     211
     195
     192
     186
     107
$ROI:
0
$PRESETS:
None
0
0
$ENER_FIT:
0.000000 0.000000
$MCA_CAL:
3
0.000000E+000 0.000000E+000 0.000000E+000 
$SHAPE_CAL:
3
0.000000E+000 0.000000E+000 0.000000E+000
