$SPEC_ID:
No sample description was entered.
$SPEC_REM:
DET# 1
DETDESC# PHYSPRAK3 926
AP# Maestro Version 7.01
$DATE_MEA:
01/12/2026 13:16:25
$MEAS_TIM:
161687 161688
$DATA:
0 511
       0
       0
       0
      36
     143
     171
     145
     148
     149
     127
     141
     131
     118
     126
     149
     145
     141
     135
     143
     199
     296
     316
     460
     820
     899
     502
     302
     216
     199
     161
     155
     137
     145
     122
     155
     127
     140
     134
     117
     119
     136
     121
     117
     107
     108
     109
     118
     119
     114
      91
      94
     111
      80
      91
      93
      85
     101
      92
      86
     100
      88
      93
      76
      83
      91
      78
      85
      96
      83
      88
      85
      80
      77
      76
      70
      77
      92
      78
      77
      69
      77
      70
      64
      70
      63
      56
      69
      80
      56
      64
      69
      65
      67
      62
      67
      59
      59
      75
      56
      53
      68
      61
      59
      62
      66
      76
      39
      60
      54
      54
      56
      70
      51
      66
      49
      55
      50
      56
      50
      50
      35
      52
      38
      42
      56
      39
      44
      47
      52
      39
      49
      43
      38
      36
      42
      39
      40
      45
      39
      32
      40
      40
      41
      32
      46
      41
      40
      34
      34
      38
      42
      29
      41
      33
      36
      31
      35
      34
      33
      39
      35
      24
      34
      34
      34
      27
      30
      29
      35
      29
      29
      16
      29
      25
      26
      26
      33
      24
      28
      30
      24
      22
      14
      33
      34
      27
      14
      27
      24
      28
      33
      18
      18
      28
      27
      26
      25
      26
      29
      21
      22
      27
      22
      22
      35
      29
      20
      23
      24
      15
      35
      15
      31
      20
      17
      24
      19
      16
      24
      18
      22
      11
      14
      19
      12
      15
       1
       0
       0
       0
       0
       0
       0
       0
       0
       0
       0
       0
       0
       0
       0
       0
       0
       0
       0
       0
       0
       0
       0
       0
       0
       0
       0
       0
       0
       0
       0
       0
       0
       0
       0
       0
       0
       0
       0
       0
       0
       0
       0
       0
       0
       0
       0
       0
       0
       0
       0
       0
       0
       0
       0
       0
       0
       1
       0
       0
       0
       0
       0
       0
       0
       0
       0
       0
       0
       0
       0
       0
       0
       0
       0
       0
       0
       0
       0
       0
       0
       0
       0
       0
       0
       0
       0
       0
       0
       0
       0
       0
       0
       0
       0
       0
       0
       0
       0
       0
       0
       0
       0
       0
       0
       0
       0
       0
       0
       0
       0
       0
       0
       0
       0
       1
       0
       0
       0
       0
       0
       0
       0
       0
       0
       0
       0
       0
       0
       0
       0
       0
       0
       0
       0
       0
       0
       0
       0
       0
       0
       0
       0
       0
       0
       0
       0
       0
       0
       0
       0
       1
       0
       0
       0
       0
       0
       0
       0
       0
       0
       0
       0
       0
       0
       0
       0
       0
       0
       0
       0
       0
       0
       0
       0
       0
       0
       0
       0
       0
       0
       0
       0
       0
       0
       0
       0
       0
       0
       0
       0
       0
       1
       0
       0
       0
       0
       0
       0
       0
       0
       0
       0
       0
       0
       0
       0
       0
       0
       0
       0
       0
       0
       0
       0
       0
       0
       0
       0
       0
       0
       0
       0
       0
       0
       0
       0
       0
       0
       0
       0
       0
       0
       0
       0
       0
       0
       0
       0
       0
       0
       0
       0
       0
       0
       0
       0
       0
       0
       0
       0
       0
       0
       0
       0
       0
       0
       0
       0
       0
       0
       0
       0
       0
       0
       0
       0
       0
       0
       0
       0
       0
       0
       0
       0
       0
       0
       0
       0
       0
       0
       0
       0
       0
       0
       0
$ROI:
1
10 32
$PRESETS:
None
0
0
$ENER_FIT:
0.000000 0.000000
$MCA_CAL:
3
0.000000E+000 0.000000E+000 0.000000E+000 
$SHAPE_CAL:
3
0.000000E+000 0.000000E+000 0.000000E+000
