-61.1   3.6     1       -11
-58.9   3.6     1       -11
-56.7   3.5     1       -11
-54.7   3.5     1       -11
-52.6   3.5     1       -11
-50.6   3.3     1       -11
-48.6   3.1     1       -11
-46.5   1.3     1       -11
-44.8   1.7     1       -11
-42.9   1.6     1       -11
-41.0   1.3     1       -11
-39.2   0.8     1       -11
-37.4   -1.9    0.01    -11        
-35.6   -9      0.01    -11
-34.0   -2.1    0.03    -11
-32.3   -3.5    0.1     -11
-30.6   -5.5    0.1     -11
-29.1   -8.2    0.1     -11
-27.5   -1.05   0.3     -11
-25.9   -1.35   0.3     -11
-24.4   -1.75   0.3     -11
-22.9   -2.1    0.3     -11
-21.5   -2.6    0.3     -11
-20.1   -3      1       -11
-18.6   -3.4    1       -11
-17.2   -3.7    1       -11
-16.0   -4      1       -11
-14.7   -4      1       -11
-13.2   -3.8    1       -11
-12.1   -3.5    1       -11
-10.8   -3.1    1       -11
-9.5    -2.6    1       -11
-8.2    -2.1    1       -11
-7      -1.6    1       -11
-5.7    -1.3    1       -11
-4.5    -1      1       -11
-3.2    -0.8    1       -11
-2.0    -0.75   1       -11
-0.7    -0.75   1       -11
0.5     -0.8    0.3     -11
1.6     -0.85   0.3     -11
2.8     -0.9    0.3     -11
3.9     -0.95   0.3     -11
5.0     -1      0.3     -11
6.1     -1.05   0.3     -11
7.1     -1.1    0.3     -11
8.2     -1.2    0.3     -11
9.1     -1.2    0.3     -11
10.2    -1.25   0.3     -11
11.2    -1.3    0.3     -11
12.3    -1.35   0.3     -11
13.3    -1.35   0.3     -11
14.2    -1.4    0.3     -11