T in C, I in Ampere, Faktor, Potenz
-70      2      0.1     -11
-70.6    1.8    0.1     -11
-70.7    2      0.1     -11
-70.4    2.1    0.1     -11
-70.2    2.4    0.1     -11
-69.8    2.6    0.1     -11
-69.4    2.9    0.1     -11
-69.1    2.9    0.1     -11
-68.6    3      0.1     -11
-68      3      0.1     -11
-67.6    3.1    0.1     -11
-67      3.2    0.1     -11
-66.4    3.2    0.1     -11
-65.7    3.2    0.1     -11
-64.9    3.3    0.1     -11
-64.1    3.3    0.1     -11
-63.1    3.3    0.1     -11
-61.9    3.3    0.1     -11
-60.6    3.3    0.1     -11
-59      3.3    0.1     -11
-57.2    3.2    0.1     -11
-55.1    3.0    0.1     -11
-52.7    2.9    0.1     -11
-50.6    2.9    0.1     -11
-48.5    2.8    0.1     -11
-46.4    1.4    0.1     -11
-44.4    1.2    0.1     -11
-42.3    1.0    0.1     -11
-40.3    0.7    0.1     -11
-38.4    0.1    0.1     -11
-36.6   -7.8    0.01    -11
-34.6   -2      0.03    -11
-32.7   -3.5    0.1     -11
-30.9   -5.6    0.1     -11
-29.1   -8      0.1     -11
-27.3   -1.15   0.3     -11
-25.5   -1.5    0.3     -11
-23.8   -2      0.3     -11
-22.1   -2.6    1       -11
-20.4   -3.1    1       -11
-18.8   -3.7    1       -11
-17.1   -4.3    1       -11
-15.5   -4.7    1       -11
-13.9   -4.9    1       -11
-12.3   -4.8    1       -11
-10.8   -4.4    1       -11
 -9.1   -3.8    1       -11
 -7.7   -3.2    1       -11
 -6.2   -2.4    1       -11
 -4.7   -1.8    1       -11
 -3.2   -1.4    1       -11
 -1.7   -1.2    1       -11
 -0.3   -1.1    1       -11
  1.0   -1      0.3     -11
  2.4   -1.05   0.3     -11
  3.9   -1.1    0.3     -11
  5.3   -1.2    0.3     -11
  6.7   -1.3    0.3     -11
  8.2   -1.4    0.3     -11
  9.5   -1.55   0.3     -11
 10.9   -1.6    0.3     -11
 12.2   -1.7    0.3     -11
 13.7   -1.75   0.3     -11
 15.2   -1.85   0.3     -11